d R_spp
   0.0 0.7195135993952373
   1.0 0.7155354509474784
   2.0 0.7115185553538316
   3.0 0.7074628290355603
   4.0 0.7033681984342383
   5.0 0.6992346003735351
   6.0 0.6950619824278956
   7.0 0.6908503032980593
   8.0 0.6865995331933787
   9.0 0.6823096542208725
  10.0 0.6779806607809353
  11.0 0.6736125599696166
  12.0 0.6692053719873753
  13.0 0.6647591305541819
  14.0 0.6602738833308474
14.999999999999998 0.6557496923464302
  16.0 0.6511866344315607
  17.0 0.6465848016574952
  18.0 0.6419443017807192
18.999999999999996 0.6372652586928694
  20.0 0.6325478128757459
  21.0 0.6277921218611646
  22.0 0.6229983606953668
  23.0 0.6181667224076957
  24.0 0.6132974184832216
24.999999999999996 0.6083906793389663
  26.0 0.6034467548033778
  27.0  0.598465914598649
  28.0 0.5934484488254764
  29.0 0.5883946684498175
29.999999999999996 0.5833049057911796
  31.0 0.5781795150119421
  32.0 0.5730188726071973
32.99999999999999 0.5678233778945583
  34.0 0.5625934535033525
  35.0 0.5573295458625896
  36.0 0.5520321256870738
  37.0  0.546701688460982
37.99999999999999 0.5413387549182088
  39.0  0.535943871518753
  40.0 0.5305176109203695
  41.0 0.5250605724446983
  42.0 0.5195733825370412
42.99999999999999 0.5140566952189188
  44.0  0.508511192532523
44.99999999999999 0.5029375849761268
  46.0 0.4973366119295067
  47.0 0.4917090420683678
  48.0 0.48605567376676867
  49.0 0.4803773354864727
49.99999999999999 0.47467488615215286
  51.0  0.468949215511325
  52.0 0.4632012444778717
  53.0 0.4574319254579735
  54.0 0.4516422426572535
54.99999999999999 0.4458332123679015
  56.0 0.4400058832345267
56.99999999999999 0.43416133649746064
  58.0 0.4283006862122151
  59.0 0.4224250794437722
59.99999999999999 0.41653569643437366
  61.0 0.41063375074345704
  62.0 0.4047204893583695
  63.0 0.3987971927744941
  64.0 0.39286517504339186
  65.0 0.3869257837875816
65.99999999999999 0.3809804001805644
  67.0 0.3750304388907026
  68.0 0.3690773479875751
  69.0 0.36312260880943226
  70.0 0.3571677357903906
70.99999999999999 0.35121427624602686
  72.0 0.3452638101160448
  73.0 0.3393179496627275
  74.0 0.33337833912390047
  75.0 0.3274466543191893
75.99999999999999 0.32152460220837314
  77.0 0.31561392040070035
  78.0 0.30971637661407125
  79.0 0.30383376808305834
  80.0  0.297967920914791
80.99999999999999 0.29212068939180263
  82.0 0.2862939552210121
  83.0 0.28048962672808764
  84.0 0.2747096379965352
84.99999999999999 0.2689559479509323
85.99999999999999 0.26323053938383695
  87.0 0.25753541792599666
  88.0 0.2518726109595991
  89.0 0.24624416647440853
89.99999999999999 0.24065215186676486
90.99999999999999 0.2350986526815395
  92.0 0.22958577129727478
  93.0 0.22411562555487186
  94.0 0.21869034733032494
94.99999999999999 0.2133120810521561
  96.0 0.20798298216434305
  97.0 0.20270521553568527
  98.0 0.19748095381672548
  99.0 0.19231237574547627
99.99999999999999 0.18720166440338934
 101.0 0.18215100542314713
 102.0 0.17716258515004082
 103.0 0.17223858875884604
 104.0 0.16738119832828988
104.99999999999999  0.162592590875357
 106.0 0.1578749363518593
 107.0 0.15323039560584398
 108.0 0.14866111831058867
 109.0 0.1441692408640855
109.99999999999999 0.1397568842620678
 111.0 0.13542615194779073
 112.0  0.131179127641918
 113.0 0.1270178731560053
113.99999999999999 0.12294442619321032
114.99999999999999 0.11896079813997577
 116.0 0.11506897185255961
 117.0 0.11127089944238415
 118.0 0.1075685000642888
118.99999999999999 0.10396365771184235
119.99999999999999 0.10045821902396952
 121.0 0.09705399110719432
 122.0 0.09375273937787161
122.99999999999999 0.09055618542881025
 124.0 0.0874660049247271
 125.0 0.08448382553098381
 126.0 0.08161122488005827
 127.0 0.07884972858019183
 128.0 0.07620080827062765
 129.0 0.07366587972780667
 130.0 0.07124630102683828
 131.0 0.0689433707624863
131.99999999999997 0.06675832633382188
 133.0 0.06469234229659965
 134.0 0.06274652878728658
 135.0 0.060921930022549746
 136.0 0.05921952287785986
 137.0 0.057640215548706096
 138.0 0.056184846297746706
 139.0 0.05485418229103334
 140.0 0.05364891852624643
140.99999999999997 0.05256967685567159
141.99999999999997 0.0516170051064223
 143.0 0.05079137630018597
 144.0 0.05009318797452742
 145.0 0.049522761607535326
 146.0 0.04908034214734203
 147.0 0.04876609764778127
 148.0 0.04858011901118351
 149.0 0.048522419839033014
 150.0 0.04859293639093702
150.99999999999997 0.0487915276520788
151.99999999999997 0.049117975509047514
 153.0 0.04957198503365973
 154.0 0.05015318487411021
 155.0 0.05086112775251448
 156.0 0.051695291067636234
 157.0 0.05265507760132395
 158.0 0.05373981632692304
 159.0 0.054948763317675293
 160.0 0.056281102752870966
160.99999999999997 0.05773594801928395
161.99999999999997 0.05931234290519051
 163.0 0.06100926288405835
 164.0 0.06282561648478482
 165.0 0.06476024674517256
 166.0 0.0668119327451473
 167.0 0.06897939121605831
 168.0 0.07126127822224682
 169.0 0.07365619091092913
169.99999999999997 0.07616266932631663
170.99999999999997 0.07877919828378512
171.99999999999997 0.08150420929981321
 173.0 0.08433608257332512
 174.0 0.08727314901401713
 175.0 0.09031369231319074
 176.0 0.09345595105258564
 177.0 0.0966981208466873
 178.0 0.10003835651397867
 179.0 0.10347477427261563
179.99999999999997 0.10700545395603303
180.99999999999997 0.11062844124402264
181.99999999999997 0.11434174990487932
 183.0 0.11814336404427388
 184.0 0.12203124035658508
 185.0 0.12600331037451762
 186.0 0.1300574827129208
 187.0 0.1341916453028421
 188.0 0.13840366761195824
 189.0 0.14269140284765802
189.99999999999997 0.14705269013918762
190.99999999999997 0.15148535669539798
 192.0 0.1559872199348034
 193.0 0.16055608958479023
 194.0 0.16518976974699065
 195.0 0.1698860609259927
 196.0 0.17464276201871762
 197.0 0.1794576722619755
 198.0 0.18432859313587316
198.99999999999997 0.1892533302209192
199.99999999999997 0.19422969500684986
200.99999999999997 0.19925550665135794
 202.0 0.20432859368710002
 203.0 0.20944679567549992
 204.0 0.21460796480605931
 205.0 0.21980996744003284
 206.0 0.2250506855975024
 207.0 0.2303280183870314
 208.0 0.2356398833772463
208.99999999999997 0.24098421790983557
209.99999999999997 0.2463589803536096
210.99999999999997 0.25176215129939955
 212.0 0.2571917346957199
 213.0 0.2626457589252362
 214.0 0.2681222778222229
 215.0 0.27361937163130073
 216.0 0.27913514790786714
 217.0 0.2846677423607318
 218.0 0.2902153196375894
218.99999999999997 0.2957760740540289
219.99999999999997 0.30134823026689844
220.99999999999997 0.3069300438929101
 222.0 0.3125198020734493
 223.0 0.3181158239866277
 224.0 0.3237164613076878
 225.0 0.3293200986189143
 226.0 0.33492515377027504
 227.0 0.3405300781920529
227.99999999999997 0.34613335716077803
228.99999999999997 0.35173351001980285
229.99999999999997 0.35732909035589955
230.99999999999997 0.36291868613327766
 232.0 0.3685009197864565
 233.0 0.3740744482734224
 234.0 0.37963796309054476
 235.0 0.38519019025069773
 236.0 0.39072989022606824
 237.0 0.3962558578571217
237.99999999999997 0.40176692222918514
238.99999999999997 0.4072619465181226
239.99999999999997 0.41273982780654245
240.99999999999997 0.41819949687198815
 242.0  0.423639917948534
 243.0 0.42906008846319416
 244.0 0.43445903874853736
 245.0 0.4398358317328661
245.99999999999997 0.44518956260931497
 247.0 0.4505193584851737
 248.0 0.4558243780127297
248.99999999999997 0.46110381100289294
 250.0 0.46635687802282877
250.99999999999997 0.4715828299788001
 252.0 0.4767809476853874
252.99999999999997 0.48195054142221844
 254.0 0.4870909504793099
254.99999999999997 0.4922015426920846
 256.0 0.49728171396709947
 257.0 0.5023308877994739
 258.0 0.5073485147829908
 259.0 0.5123340721137856
 260.0 0.5172870630885158
 261.0 0.5222070165978776
 262.0 0.5270934866162722
 263.0  0.531946051688425
263.99999999999994  0.536764314413695
 265.0 0.5415479009288063
 266.0 0.5462964603896749
 267.0 0.5510096644529829
 268.0 0.5556872067581287
 269.0 0.5603288024101284
 270.0 0.5649341874640328
 271.0 0.5695031184113803
 272.0 0.5740353716691861
272.99999999999994 0.5785307430719312
 274.0 0.5829890473669914
274.99999999999994 0.5874101177139177
 276.0 0.5917938051879533
 277.0 0.5961399782881418
 278.0 0.6004485224503688
 279.0 0.6047193395656395
 280.0  0.608952347503879
 281.0 0.6131474796435266
281.99999999999994 0.6173046844071526
 283.0 0.6214239248033364
283.99999999999994  0.625505177974989
 285.0 0.6295484347543168
 286.0 0.6335536992245822
 287.0  0.637520988288804
 288.0  0.641450331245539
 289.0 0.6453417693718441
 290.0 0.6491953555135233
 291.0 0.6530111536827405
 292.0 0.6567892386630663
292.99999999999994  0.660529695622016
 294.0 0.6642326197311228
294.99999999999994 0.6678981157935708
 296.0 0.6715262978794115
 297.0  0.675117288968382
 298.0  0.678671220600299
 299.0 0.6821882325330534
 300.0 0.6856684724081482
 301.0 0.6891120954237845
301.99999999999994 0.6925192640154372
 303.0 0.6958901475438963
303.99999999999994 0.6992249219906989
 305.0 0.7025237696609301
 306.0 0.7057868788932966
 307.0 0.7090144437774298
 308.0 0.7122066638783359
 309.0 0.7153637439679148
 310.0 0.7184858937634747
310.99999999999994 0.7215733276731432
 312.0  0.724626264548105
312.99999999999994 0.7276449274415592
 314.0 0.7306295433743035
314.99999999999994 0.7335803431068579
 316.0 0.7364975609180151
 317.0 0.7393814343897255
 318.0 0.7422322041982097
 319.0 0.7450501139111954
 320.0 0.7478354097911638
 321.0 0.7505883406045177
321.99999999999994 0.7533091574365404
 323.0  0.755998113512052
323.99999999999994 0.7586554640216499
 325.0 0.7612814659534203
 326.0 0.7638763779300162
 327.0 0.7664404600509895
 328.0 0.7689739737402697
 329.0 0.7714771815986745
 330.0  0.773950347261352
330.99999999999994 0.7763937352600401
 332.0 0.7788076108900396
332.99999999999994 0.7811922400817847
 334.0 0.7835478892769241
 335.0 0.7858748253087828
 336.0 0.7881733152871253
 337.0 0.7904436264870935
 338.0 0.7926860262422418
 339.0 0.7949007818415434
339.99999999999994 0.7970881604302916
 341.0 0.7992484289147813
341.99999999999994 0.8013818538706837
 343.0 0.8034887014550119
343.99999999999994 0.8055692373215896
 345.0  0.807623726539926
 346.0 0.8096524335174089
 347.0 0.8116556219247246
 348.0 0.8136335546244152
 349.0 0.8155864936024906
 350.0  0.817514699903007
350.99999999999994  0.819418433565534
 352.0 0.8212979535654157
352.99999999999994 0.8231535177567615
 354.0 0.8249853828180821
 355.0 0.8267938042004817
 356.0 0.8285790360783515
 357.0 0.8303413313024789
 358.0 0.8320809413554949
 359.0 0.8337981163095997
359.99999999999994 0.8354931047864975
 361.0 0.8371661539194584
361.99999999999994 0.8388175093174558
 363.0 0.8404474150313114
363.99999999999994 0.8420561135217768
 365.0 0.8436438456295031
 366.0 0.8452108505468219
 367.0 0.8467573657912958
 368.0  0.848283627180966
368.99999999999994  0.849789868811254
 370.0 0.8512763230334474
370.99999999999994 0.8527432204347346
 372.0 0.8541907898197232
372.99999999999994 0.8556192581933914
 374.0 0.8570288507454347
 375.0 0.8584197908359442
 376.0 0.8597922999823817
 377.0 0.8611465978478023
 378.0 0.8624829022302778
 379.0 0.8638014290534772
379.99999999999994 0.8651023923583679
 381.0  0.866386004295994
381.99999999999994 0.8676524751212852
 383.0 0.8689020131878712
 384.0 0.8701348249438502
 385.0 0.8713511149284816
 386.0  0.872551085769772
 387.0 0.8737349381829104
 388.0 0.8749028709695226
388.99999999999994 0.8760550810177151
 390.0 0.8771917633028768
390.99999999999994 0.8783131108892016
 392.0 0.8794193149319128
392.99999999999994 0.8805105646801418
 394.0  0.881587047480463
 395.0 0.8826489487810247
 396.0 0.8836964521362745
 397.0 0.8847297392122384
397.99999999999994 0.8857489897923373
 399.0 0.8867543817837161
399.99999999999994 0.8877460912240565
 401.0 0.8887242922888534
401.99999999999994 0.8896891572991427
 403.0 0.8906408567296411
 404.0 0.8915795592172948
 405.0 0.8925054315702028
 406.0  0.893418638776913
 407.0 0.8943193440160474
 408.0 0.8952077086662719
408.99999999999994 0.8960838923165566
 410.0  0.896948052776738
410.99999999999994 0.8978003460883586
 412.0 0.8986409265357588
412.99999999999994 0.8994699466574188
 414.0 0.9002875572575287
 415.0 0.9010939074177795
 416.0 0.9018891445093458
 417.0 0.9026734142050701
417.99999999999994 0.9034468604918151
 419.0 0.9042096256829837
419.99999999999994 0.9049618504311914
 421.0 0.9057036737410774
421.99999999999994 0.9064352329822497
 423.0 0.9071566639023451
 424.0 0.9078681006402016
 425.0 0.9085696757391285
 426.0 0.9092615201602678
426.99999999999994 0.9099437632960328
 428.0 0.9106165329836251
428.99999999999994 0.9112799555186069
 430.0 0.9119341556685359
430.99999999999994 0.9125792566866415
 432.0 0.9132153803255484
432.99999999999994 0.9138426468510235
 434.0 0.9144611750557572
 435.0 0.9150710822731584
 436.0 0.9156724843911651
 437.0 0.9162654958660607
437.99999999999994 0.9168502297362905
 439.0 0.9174267976362734
439.99999999999994 0.9179953098102043
 441.0 0.9185558751258407
441.99999999999994 0.9191086010882668
 443.0 0.9196535938536349
 444.0 0.9201909582428783
 445.0  0.920720797755384
 446.0 0.9212432145826347
446.99999999999994 0.9217583096218047
 448.0 0.9222661824893078
448.99999999999994 0.9227669315343017
 450.0 0.9232606538521345
450.99999999999994  0.923747445297736
 452.0 0.9242274004989531
 453.0 0.9247006128698152
 454.0 0.9251671746237456
 455.0  0.925627176786693
455.99999999999994 0.9260807092102044
 457.0 0.9265278605844168
457.99999999999994 0.9269687184509791
 459.0 0.9274033692158935
459.99999999999994 0.9278318981622798
 461.0  0.928254389463063
461.99999999999994 0.9286709261935675
 463.0 0.9290815903440371
 464.0  0.929486462832067
 465.0 0.9298856235149439
 466.0 0.9302791512019042
466.99999999999994 0.9306671236662946
 468.0  0.931049617657649
468.99999999999994 0.9314267089136704
 470.0 0.9317984721721141
470.99999999999994 0.9321649811825882
 472.0 0.9325263087182496
 473.0 0.9328825265874062
 474.0 0.9332337056450256
 475.0 0.9335799158041446
475.99999999999994 0.9339212260471794
 477.0 0.9342577044371425
477.99999999999994 0.9345894181287554
 479.0 0.9349164333794654
479.99999999999994 0.9352388155603633
 481.0 0.9355566291669997
481.99999999999994  0.935869937830103
 483.0 0.9361788043261972
 484.0 0.9364832905881172
484.99999999999994  0.936783457715429
 486.0 0.9370793659847466
486.99999999999994 0.9373710748599426
 488.0 0.9376586430022739
488.99999999999994 0.9379421282803919
 490.0 0.9382215877802622
 491.0 0.9384970778149774
491.99999999999994 0.9387686539344804
492.99999999999994  0.939036370935179
 494.0 0.9393002828694621
 495.0 0.9395604430551255
 496.0 0.9398169040846902
496.99999999999994 0.9400697178346249
497.99999999999994 0.9403189354744761
 499.0 0.9405646074758912
 500.0 0.9408067836215542
500.99999999999994 0.9410455130140188
501.99999999999994 0.9412808440844495
 503.0 0.9415128246012604
 504.0 0.9417415016786712
 505.0 0.9419669217851532
505.99999999999994 0.9421891307517968
506.99999999999994 0.9424081737805718
 508.0 0.9426240954525068
 509.0 0.9428369397357657
509.99999999999994 0.9430467499936412
510.99999999999994 0.9432535689924537
 512.0 0.9434574389093565
 513.0 0.9436584013400583
 514.0   0.94385649730645
514.9999999999999 0.9440517672641472
 516.0 0.9442442511099425
 517.0 0.9444339881891726
 518.0 0.9446210173029956
518.9999999999999 0.9448053767155884
 520.0 0.9449871041612491
 521.0 0.9451662368514288
 522.0 0.9453428114816655
 523.0  0.945516864238444
 524.0 0.9456884308059711
 525.0 0.9458575463728699
 526.0 0.9460242456387886
 527.0  0.946188562820936
527.9999999999999  0.946350531660534
 529.0 0.9465101854291911
 530.0 0.9466675569351977
 531.0 0.9468226785297454
 532.0 0.9469755821130716
 533.0 0.9471262991405228
 534.0 0.9472748606285469
 535.0 0.9474212971606105
 536.0 0.9475656388930425
536.9999999999999 0.9477079155608036
 538.0 0.9478481564831854
 539.0 0.9479863905694363
 540.0 0.9481226463243202
540.9999999999999 0.9482569518535977
 542.0 0.9483893348694464
 543.0 0.9485198226958107
 544.0 0.9486484422736758
 545.0 0.9487752201662878
545.9999999999999 0.9489001825642963
 547.0 0.9490233552908367
 548.0 0.9491447638065452
 549.0 0.9492644332145137
549.9999999999999 0.9493823882651716
 551.0 0.9494986533611196
 552.0 0.9496132525618846
 553.0 0.9497262095886244
 554.0 0.9498375478287698
554.9999999999999 0.9499472903406031
 556.0 0.9500554598577778
 557.0 0.9501620787937823
 558.0  0.950267169246344
558.9999999999999 0.9503707530017748
 560.0 0.9504728515392603
 561.0  0.950573486035094
 562.0 0.9506726773668561
 563.0  0.950770446117531
563.9999999999999 0.9508668125795823
 565.0 0.9509617967589661
 566.0 0.9510554183790907
 567.0 0.9511476968847271
567.9999999999999 0.9512386514458687
 569.0 0.9513283009615371
 570.0 0.9514166640635354
 571.0 0.9515037591201593
 572.0 0.9515896042398516
572.9999999999999 0.9516742172748102
 574.0 0.9517576158245473
 575.0 0.9518398172394048
 576.0 0.9519208386240179
576.9999999999999 0.9520006968407356
 578.0 0.9520794085129898
 579.0 0.9521569900286304
 580.0 0.9522334575432025
 581.0 0.9523088269831892
 582.0 0.9523831140492052
 583.0 0.9524563342191495
 584.0 0.9525285027513166
 585.0 0.9525996346874639
585.9999999999999 0.9526697448558364
 587.0 0.9527388478741551
 588.0 0.9528069581525593
 589.0 0.9528740898965147
589.9999999999999 0.9529402571096757
 591.0  0.953005473596714
 592.0 0.9530697529661067
 593.0 0.9531331086328884
 594.0   0.95319555382136
594.9999999999999 0.9532571015677668
 596.0 0.9533177647229385
 597.0 0.9533775559548933
 598.0 0.9534364877514018
598.9999999999999 0.9534945724225244
 600.0 0.9535518221031041
 601.0  0.953608248755235
 602.0 0.9536638641706905
 603.0 0.9537186799733176
603.9999999999999 0.9537727076214036
 605.0 0.9538259584100071
 606.0 0.9538784434732533
 607.0 0.9539301737866083
607.9999999999999 0.9539811601691073
 609.0  0.954031413285568
 610.0 0.9540809436487583
 611.0 0.9541297616215471
 612.0 0.9541778774190164
612.9999999999999 0.9542253011105483
 614.0 0.9542720426218827
 615.0 0.9543181117371454
 616.0 0.9543635181008499
616.9999999999999 0.9544082712198679
 618.0 0.9544523804653798
 619.0 0.9544958550747883
 620.0 0.9545387041536143
 621.0 0.9545809366773589
621.9999999999999 0.9546225614933479
 623.0 0.9546635873225422
 624.0 0.9547040227613294
 625.0  0.954743876283286
625.9999999999999 0.9547831562409193
 627.0 0.9548218708673805
 628.0 0.9548600282781586
 629.0 0.9548976364727456
629.9999999999999  0.954934703336284
630.9999999999999 0.9549712366411865
 632.0 0.9550072440487358
 633.0 0.9550427331106621
 634.0  0.955077711270696
634.9999999999999 0.9551121858661027
 636.0 0.9551461641291927
 637.0 0.9551796531888154
 638.0 0.9552126600718227
638.9999999999999 0.9552451917045235
 640.0 0.9552772549141094
 641.0 0.9553088564300627
 642.0 0.9553400028855505
 643.0 0.9553707008187867
643.9999999999999 0.9554009566743855
 645.0 0.9554307768046952
 646.0 0.9554601674711066
 647.0 0.9554891348453494
647.9999999999999 0.9555176850107673
 649.0 0.9555458239635761
 650.0 0.9555735576141043
 651.0 0.9556008917880153
 652.0 0.9556278322275145
652.9999999999999 0.9556543845925339
 654.0 0.9556805544619108
 655.0 0.9557063473345365
 656.0 0.9557317686304987
656.9999999999999 0.9557568236922052
 658.0 0.9557815177854886
 659.0 0.9558058561007013
 660.0 0.9558298437537869
 661.0 0.9558534857873462
661.9999999999999 0.9558767871716809
 663.0 0.9558997528058237
 664.0 0.9559223875185572
 665.0 0.9559446960694152
665.9999999999999 0.9559666831496714
 667.0 0.9559883533833125
 668.0 0.9560097113280002
 669.0 0.9560307614760168
 670.0 0.9560515082551976
670.9999999999999 0.9560719560298563
 672.0 0.9560921091016836
 673.0 0.9561119717106504
 674.0 0.9561315480358827
674.9999999999999 0.9561508421965352
 676.0 0.9561698582526471
 677.0  0.956188600205985
 678.0 0.9562070720008768
678.9999999999999 0.9562252775250341
679.9999999999999 0.9562432206103594
 681.0 0.9562609050337451
 682.0 0.9562783345178604
 683.0 0.9562955127319249
683.9999999999999 0.9563124432924731
 685.0 0.9563291297641127
 686.0 0.9563455756602597
 687.0 0.9563617844438752
687.9999999999999 0.9563777595281889
688.9999999999999 0.9563935042774058
 690.0 0.9564090220074104
 691.0 0.9564243159864589
 692.0 0.9564393894358606
692.9999999999999 0.9564542455306481
 694.0 0.9564688874002403
 695.0  0.956483318129097
 696.0 0.9564975407573626
696.9999999999999 0.9565115582814979
 698.0 0.9565253736549084
 699.0 0.9565389897885589
 700.0 0.9565524095515837
 701.0 0.9565656357718841
701.9999999999999 0.9565786712367177
 703.0 0.9565915186932848
 704.0 0.9566041808492987
 705.0 0.9566166603735529
705.9999999999999 0.9566289598964773
 707.0 0.9566410820106923
 708.0 0.9566530292715437
 709.0 0.9566648041976441
 710.0 0.9566764092713942
710.9999999999999 0.9566878469395043
 712.0 0.9566991196135066
 713.0 0.9567102296702575
 714.0 0.9567211794524357
714.9999999999999 0.9567319712690322
 716.0 0.9567426073958345
 717.0  0.956753090075902
 718.0  0.956763421520034
 719.0 0.9567736039072334
719.9999999999999 0.9567836393851648
 721.0 0.9567935300706008
 722.0 0.9568032780498668
 723.0 0.9568128853792782
723.9999999999999 0.9568223540855699
 725.0 0.9568316861663216
 726.0 0.9568408835903759
 727.0 0.9568499482982505
727.9999999999999 0.9568588822025447
728.9999999999999 0.9568676871883399
 730.0 0.9568763651135954
 731.0  0.956884917809537
 732.0 0.9568933470810411
732.9999999999999  0.956901654707013
 734.0 0.9569098424407583
 735.0  0.956917912010353
 736.0 0.9569258651190046
736.9999999999999 0.9569337034454057
737.9999999999999 0.9569414286440947
 739.0 0.9569490423457934
 740.0 0.9569565461577538
 741.0 0.9569639416640949
741.9999999999999 0.9569712304261332
 743.0  0.956978413982712
 744.0 0.9569854938505233
 745.0 0.9569924715244262
745.9999999999999 0.9569993484777619
746.9999999999999 0.9570061261626583
 748.0 0.9570128060103416
 749.0 0.9570193894314288
 750.0 0.9570258778162328
750.9999999999999 0.9570322725350453
 752.0 0.9570385749384297
 753.0  0.957044786357505
 754.0 0.9570509081042207
754.9999999999999 0.9570569414716363
 756.0 0.9570628877341938
 757.0 0.9570687481479805
 758.0 0.9570745239509951
 759.0 0.9570802163634103
759.9999999999999 0.9570858265878261
 761.0 0.9570913558095215
 762.0 0.9570968051967083
 763.0 0.9571021759007674
763.9999999999999 0.9571074690565049
 765.0 0.9571126857823734
 766.0 0.9571178271807239
 767.0 0.9571228943380229
 768.0 0.9571278883250898
768.9999999999999 0.9571328101973209
 770.0 0.9571376609949063
 771.0 0.9571424417430539
 772.0 0.9571471534522011
772.9999999999999 0.9571517971182311
 774.0 0.9571563737226785
 775.0  0.957160884232937
 776.0 0.9571653296024633
776.9999999999999 0.9571697107709787
777.9999999999999 0.9571740286646626
 779.0 0.9571782841963525
 780.0 0.9571824782657301
 781.0 0.9571866117595171
781.9999999999999 0.9571906855516571
 783.0 0.9571947005034992
 784.0 0.9571986574639834
 785.0 0.9572025572698134
785.9999999999999 0.9572064007456383
786.9999999999999  0.957210188704222
 788.0 0.9572139219466149
 789.0 0.9572176012623255
 790.0 0.9572212274294812
790.9999999999999 0.9572248012149974
 792.0  0.957228323374736
 793.0 0.9572317946536631
 794.0 0.9572352157860099
794.9999999999999 0.9572385874954238
795.9999999999999 0.9572419104951231
 797.0 0.9572451854880433
 798.0   0.95724841316699
 799.0 0.9572515942147817
799.9999999999999 0.9572547293043946
 801.0  0.957257819099102
 802.0  0.957260864252619
 803.0 0.9572638654092337
803.9999999999999 0.9572668232039495
804.9999999999999 0.9572697382626124
 806.0 0.9572726112020483
 807.0  0.957275442630188
 808.0 0.9572782331461996
808.9999999999999 0.9572809833406117
 810.0 0.9572836937954403
 811.0 0.9572863650843088
 812.0 0.9572889977725692
812.9999999999999 0.9572915924174226
 814.0 0.9572941495680382
 815.0  0.957296669765663
 816.0 0.9572991535437411
816.9999999999999 0.9573016014280258
817.9999999999999 0.9573040139366876
 819.0 0.9573063915804246
 820.0 0.9573087348625714
 821.0 0.9573110442792043
821.9999999999999 0.9573133203192453
 823.0 0.9573155634645641
 824.0 0.9573177741900842
 825.0 0.9573199529638766
825.9999999999999 0.9573221002472646
826.9999999999999 0.9573242164949165
 828.0 0.9573263021549425
 829.0 0.9573283576689922
 830.0 0.9573303834723421
830.9999999999999 0.9573323799939938
 832.0 0.9573343476567586
 833.0 0.9573362868773507
 834.0  0.957338198066473
834.9999999999999 0.9573400816289044
835.9999999999999 0.9573419379635844
 837.0 0.9573437674636985
 838.0 0.9573455705167607
 839.0  0.957347347504695
839.9999999999999 0.9573490988039156
 841.0  0.957350824785405
 842.0 0.9573525258147961
 843.0 0.9573542022524464
843.9999999999999 0.9573558544535153
844.9999999999999 0.9573574827680357
 846.0 0.9573590875409941
 847.0 0.9573606691123974
 848.0  0.957362227817348
848.9999999999999 0.9573637639861118
 850.0 0.9573652779441929
 851.0 0.9573667700123963
 852.0 0.9573682405068984
852.9999999999999 0.9573696897393136
853.9999999999999 0.9573711180167617
 855.0 0.9573725256419293
 856.0  0.957373912913135
 857.0  0.957375280124394
857.9999999999999 0.9573766275654785
 859.0 0.9573779555219788
 860.0 0.9573792642753639
 861.0  0.957380554103042
861.9999999999999 0.9573818252784163
 863.0  0.957383078070947
 864.0 0.9573843127462027
 865.0 0.9573855295659219
865.9999999999999 0.9573867287880641
866.9999999999999 0.9573879106668667
 868.0  0.957389075452896
 869.0 0.9573902233931051
 870.0  0.957391354730881
870.9999999999999 0.9573924697060984
 872.0 0.9573935685551688
 873.0 0.9573946515110933
 874.0 0.9573957188035066
874.9999999999999 0.9573967706587339
875.9999999999999  0.957397807299829
 877.0 0.9573988289466283
 878.0 0.9573998358157942
 879.0  0.957400828120862
879.9999999999999 0.9574018060722842
 881.0 0.9574027698774757
 882.0 0.9574037197408576
 883.0 0.9574046558638981
883.9999999999999 0.9574055784451602
884.9999999999999 0.9574064876803376
 886.0 0.9574073837622993
 887.0  0.957408266881132
 888.0 0.9574091372241749
888.9999999999999 0.9574099949760653
 890.0 0.9574108403187734
 891.0 0.9574116734316427
 892.0 0.9574124944914267
892.9999999999999 0.9574133036723287
893.9999999999999 0.9574141011460341
 895.0 0.9574148870817522
 896.0 0.9574156616462473
 897.0 0.9574164250038752
897.9999999999999 0.9574171773166211
 899.0 0.9574179187441292
 900.0 0.9574186494437391
 901.0  0.957419369570518
901.9999999999999 0.9574200792772959
902.9999999999999 0.9574207787146924
 904.0 0.9574214680311554
 905.0 0.9574221473729869
 906.0 0.9574228168843774
906.9999999999999 0.9574234767074341
 908.0 0.9574241269822142
 909.0 0.9574247678467488
 910.0 0.9574253994370784
910.9999999999999 0.9574260218872781
911.9999999999999 0.9574266353294854
 913.0  0.957427239893931
 914.0 0.9574278357089646
914.9999999999999  0.957428422901081
915.9999999999999 0.9574290015949491
 917.0 0.9574295719134365
 918.0 0.9574301339776365
 919.0  0.957430687906894
919.9999999999999 0.9574312338188278
 921.0 0.9574317718293611
 922.0 0.9574323020527401
 923.0 0.9574328246015625
923.9999999999999 0.9574333395867971
924.9999999999999 0.9574338471178124
 926.0 0.9574343473023956
 927.0  0.957434840246777
 928.0 0.9574353260556538
928.9999999999999  0.957435804832208
 930.0 0.9574362766781342
 931.0 0.9574367416936547
 932.0 0.9574371999775458
932.9999999999999 0.9574376516271568
933.9999999999999 0.9574380967384298
 935.0 0.9574385354059222
 936.0 0.9574389677228234
 937.0 0.9574393937809784
937.9999999999999 0.9574398136709029
 939.0 0.9574402274818069
 940.0 0.9574406353016116
 941.0 0.9574410372169657
941.9999999999999  0.957441433313268
942.9999999999999 0.9574418236746819
 944.0 0.9574422083841574
 945.0 0.9574425875234407
 946.0 0.9574429611731038
946.9999999999999 0.9574433294125485
 948.0 0.9574436923200318
 949.0 0.9574440499726803
 950.0 0.9574444024465047
950.9999999999999 0.9574447498164181
951.9999999999999  0.957445092156251
 953.0 0.9574454295387679
 954.0 0.9574457620356794
954.9999999999999 0.9574460897176612
955.9999999999999 0.9574464126543685
 957.0 0.9574467309144489
 958.0  0.957447044565557
 959.0 0.9574473536743717
959.9999999999999 0.9574476583066065
960.9999999999999  0.957447958527025
 962.0 0.9574482543994574
 963.0 0.9574485459868081
963.9999999999999 0.9574488333510747
964.9999999999999 0.9574491165533567
 966.0 0.9574493956538723
 967.0 0.9574496707119682
 968.0 0.9574499417861339
968.9999999999999  0.957450208934013
969.9999999999999 0.9574504722124164
 971.0 0.9574507316773331
 972.0 0.9574509873839442
972.9999999999999 0.9574512393866295
973.9999999999999 0.9574514877389888
 975.0 0.9574517324938419
 976.0 0.9574519737032466
 977.0 0.9574522114185092
977.9999999999999 0.9574524456901917
 979.0 0.9574526765681294
 980.0 0.9574529041014331
980.9999999999999 0.9574531283385053
 982.0 0.9574533493270481
982.9999999999999 0.9574535671140753
983.9999999999999 0.9574537817459206
 985.0 0.9574539932682469
985.9999999999999 0.9574542017260563
 987.0 0.9574544071637026
 988.0  0.957454609624897
988.9999999999999 0.9574548091527174
 990.0 0.9574550057896218
990.9999999999999 0.9574551995774521
 992.0 0.9574553905574457
 993.0 0.9574555787702438
993.9999999999999 0.9574557642559003
 995.0 0.9574559470538887
995.9999999999999 0.9574561272031146
 997.0 0.9574563047419166
 998.0 0.9574564797080828
998.9999999999999 0.9574566521388531
1000.0 0.9574568220709292
1000.9999999999999 0.9574569895404811
1001.9999999999999 0.9574571545831583
1003.0 0.9574573172340928
1003.9999999999999 0.9574574775279076
1005.0 0.9574576354987266
1006.0 0.9574577911801808
1006.9999999999999 0.9574579446054133
1008.0  0.957458095807088
1008.9999999999999 0.9574582448173973
1010.0 0.9574583916680672
1011.0 0.9574585363903654
1011.9999999999999 0.9574586790151075
1013.0 0.9574588195726613
1013.9999999999999 0.9574589580929593
1015.0000000000001 0.9574590946054975
1016.0 0.9574592291393466
1016.9999999999999 0.9574593617231572
1018.0 0.9574594923851656
1018.9999999999999 0.9574596211531973
1019.9999999999999 0.9574597480546789
1021.0 0.9574598731166379
1021.9999999999999 0.9574599963657112
1023.0  0.957460117828151
1024.0 0.9574602375298288
1024.9999999999998 0.9574603554962439
1026.0  0.957460471752523
1027.0 0.9574605863234332
1028.0 0.9574606992333805
1029.0 0.9574608105064198
1029.9999999999998 0.9574609201662563
1031.0 0.9574610282362546
1032.0 0.9574611347394378
1032.9999999999998 0.9574612396984985
1034.0 0.9574613431358012
1035.0 0.9574614450733853
1036.0 0.9574615455329714
1037.0 0.9574616445359676
1037.9999999999998 0.9574617421034699
1039.0 0.9574618382562706
1040.0 0.9574619330148616
1041.0 0.9574620263994372
1042.0 0.9574621184298981
1042.9999999999998 0.9574622091258608
1044.0 0.9574622985066549
1045.0 0.9574623865913312
1046.0 0.9574624733986655
1047.0 0.9574625589471598
1048.0 0.9574626432550509
1049.0  0.957462726340311
1050.0 0.9574628082206502
1050.9999999999998 0.9574628889135257
1052.0 0.9574629684361392
1053.0 0.9574630468054458
1054.0 0.9574631240381524
1055.0 0.9574632001507266
1055.9999999999998 0.9574632751593961
1057.0 0.9574633490801541
1058.0 0.9574634219287645
1059.0 0.9574634937207591
1060.0  0.957463564471448
1060.9999999999998 0.9574636341959185
1062.0 0.9574637029090398
1063.0 0.9574637706254646
1064.0 0.9574638373596366
1065.0 0.9574639031257871
1066.0 0.9574639679379437
1067.0 0.9574640318099289
1068.0 0.9574640947553671
1068.9999999999998 0.9574641567876849
1070.0  0.957464217920114
1071.0  0.957464278165694
1072.0 0.9574643375372776
1073.0 0.9574643960475304
1073.9999999999998 0.9574644537089344
1075.0 0.9574645105337911
1076.0 0.9574645665342242
1077.0 0.9574646217221815
1078.0 0.9574646761094386
1078.9999999999998 0.9574647297075988
1080.0 0.9574647825280995
1081.0 0.9574648345822111
1081.9999999999998 0.9574648858810425
1083.0   0.95746493643554
1084.0  0.957464986256491
1085.0 0.9574650353545289
1086.0 0.9574650837401311
1086.9999999999998 0.9574651314236253
1088.0 0.9574651784151882
1089.0 0.9574652247248491
1090.0 0.9574652703624926
1091.0 0.9574653153378595
1091.9999999999998 0.9574653596605514
1093.0 0.9574654033400273
1094.0 0.9574654463856146
1095.0 0.9574654888064995
1096.0 0.9574655306117396
1096.9999999999998 0.9574655718102598
1098.0 0.9574656124108554
1099.0 0.9574656524221957
1099.9999999999998 0.9574656918528222
1101.0 0.9574657307111551
1102.0 0.9574657690054911
1103.0 0.9574658067440074
1104.0  0.957465843934762
1104.9999999999998 0.9574658805856973
1106.0 0.9574659167046403
1107.0  0.957465952299304
1108.0 0.9574659873772906
1109.0 0.9574660219460914
1109.9999999999998 0.9574660560130894
1111.0 0.9574660895855613
1112.0 0.9574661226706779
1113.0 0.9574661552755059
1114.0 0.9574661874070095
1115.0 0.9574662190720533
1116.0 0.9574662502774004
1117.0 0.9574662810297183
1117.9999999999998 0.9574663113355757
1119.0  0.957466341201448
1120.0 0.9574663706337143
1121.0 0.9574663996386652
1122.0 0.9574664282224963
1122.9999999999998 0.9574664563913157
1124.0 0.9574664841511419
1125.0 0.9574665115079074
1126.0  0.957466538467457
1127.0 0.9574665650355523
1127.9999999999998 0.9574665912178715
1129.0 0.9574666170200089
1130.0 0.9574666424474798
1130.9999999999998 0.9574666675057177
1132.0 0.9574666922000795
1133.0 0.9574667165358423
1134.0 0.9574667405182072
1135.0 0.9574667641523016
1135.9999999999998 0.9574667874431773
1137.0  0.957466810395812
1138.0 0.9574668330151135
1139.0 0.9574668553059168
1140.0 0.9574668772729875
1140.9999999999998 0.9574668989210224
1142.0 0.9574669202546483
1143.0 0.9574669412784277
1144.0 0.9574669619968559
1145.0  0.957466982414362
1145.9999999999998 0.9574670025353128
1147.0 0.9574670223640095
1148.0 0.9574670419046933
1148.9999999999998  0.957467061161543
1150.0 0.9574670801386761
1151.0 0.9574670988401512
1152.0 0.9574671172699689
1153.0 0.9574671354320704
1153.9999999999998 0.9574671533303394
1155.0 0.9574671709686047
1156.0 0.9574671883506389
1157.0 0.9574672054801606
1158.0 0.9574672223608336
1158.9999999999998 0.9574672389962693
1160.0 0.9574672553900263
1161.0 0.9574672715456103
1162.0 0.9574672874664805
1163.0 0.9574673031560408
1164.0 0.9574673186176486
1165.0 0.9574673338546121
1166.0 0.9574673488701922
1166.9999999999998 0.9574673636676002
1168.0 0.9574673782500046
1169.0 0.9574673926205234
1170.0 0.9574674067822339
1171.0 0.9574674207381663
1171.9999999999998 0.9574674344913057
1173.0 0.9574674480445982
1174.0 0.9574674614009417
1175.0  0.957467474563197
1176.0 0.9574674875341805
1176.9999999999998 0.9574675003166687
1178.0 0.9574675129133977
1179.0 0.9574675253270634
1179.9999999999998 0.9574675375603238
1181.0 0.9574675496157972
1182.0 0.9574675614960647
1183.0 0.9574675732036704
1184.0 0.9574675847411195
1184.9999999999998 0.9574675961108833
1186.0 0.9574676073153956
1187.0 0.9574676183570555
1188.0  0.957467629238227
1189.0 0.9574676399612411
1189.9999999999998 0.9574676505283931
1191.0 0.9574676609419456
1192.0 0.9574676712041296
1193.0 0.9574676813171425
1194.0 0.9574676912831495
1194.9999999999998 0.9574677011042864
1196.0 0.9574677107826554
1197.0   0.95746772032033
1197.9999999999998 0.9574677297193536
1199.0 0.9574677389817388
1200.0 0.9574677481094693
1201.0  0.957467757104502
1202.0 0.9574677659687619
1202.9999999999998 0.9574677747041492
1204.0 0.9574677833125356
1205.0 0.9574677917957634
1206.0 0.9574678001556531
1207.0 0.9574678083939944
1207.9999999999998 0.9574678165125518
1209.0 0.9574678245130653
1210.0 0.9574678323972506
1210.9999999999998 0.9574678401667958
1212.0 0.9574678478233664
1212.9999999999998  0.957467855368602
1214.0 0.9574678628041216
1215.0 0.9574678701315174
1215.9999999999998   0.95746787735236
1217.0 0.9574678844681984
1218.0  0.957467891480556
1219.0 0.9574678983909366
1220.0 0.9574679052008219
1220.9999999999998  0.957467911911671
1222.0  0.957467918524922
1223.0 0.9574679250419941
1224.0 0.9574679314642836
1225.0 0.9574679377931672
1225.9999999999998 0.9574679440300027
1227.0 0.9574679501761258
1228.0 0.9574679562328564
1228.9999999999998 0.9574679622014909
1230.0 0.9574679680833106
1231.0 0.9574679738795764
1232.0  0.957467979591531
1233.0 0.9574679852203993
1233.9999999999998 0.9574679907673892
1235.0 0.9574679962336899
1236.0 0.9574680016204732
1237.0 0.9574680069288956
1238.0 0.9574680121600943
1238.9999999999998 0.9574680173151922
1240.0 0.9574680223952952
1241.0 0.9574680274014926
1242.0 0.9574680323348584
1243.0 0.9574680371964509
1243.9999999999998 0.9574680419873134
1245.0 0.9574680467084732
1246.0 0.9574680513609434
1246.9999999999998 0.9574680559457225
1248.0 0.9574680604637938
1249.0 0.9574680649161266
1250.0 0.9574680693036769
1251.0 0.9574680736273865
1251.9999999999998 0.9574680778881813
1253.0 0.9574680820869774
1254.0  0.957468086224676
1255.0  0.957468090302164
1256.0 0.9574680943203163
1256.9999999999998 0.9574680982799966
1258.0 0.9574681021820539
1259.0  0.957468106027327
1259.9999999999998 0.9574681098166391
1261.0 0.9574681135508055
1261.9999999999998  0.957468117230627
1263.0 0.9574681208568936
1264.0  0.957468124430384
1264.9999999999998 0.9574681279518649
1266.0 0.9574681314220927
1267.0 0.9574681348418121
1268.0  0.957468138211758
1269.0 0.9574681415326536
1269.9999999999998 0.9574681448052126
1271.0 0.9574681480301361
1272.0 0.9574681512081187
1273.0 0.9574681543398414
1274.0 0.9574681574259771
1274.9999999999998 0.9574681604671884
1276.0  0.957468163464129
1277.0  0.957468166417442
1277.9999999999998 0.9574681693277626
1279.0 0.9574681721957147
1280.0 0.9574681750219158
1281.0 0.9574681778069714
1282.0 0.9574681805514805
1282.9999999999998 0.9574681832560337
1284.0 0.9574681859212102
1285.0 0.9574681885475834
1286.0 0.9574681911357175
1287.0 0.9574681936861688
1287.9999999999998 0.9574681961994852
1289.0 0.9574681986762068
1290.0 0.9574682011168654
1291.0 0.9574682035219857
1292.0 0.9574682058920851
1292.9999999999998 0.9574682082276719
1294.0  0.957468210529248
1295.0 0.9574682127973093
1295.9999999999998 0.9574682150323423
1297.0 0.9574682172348279
1298.0 0.9574682194052392
1299.0  0.957468221544042
1300.0 0.9574682236516966
1300.9999999999998 0.9574682257286569
1302.0 0.9574682277753681
1303.0 0.9574682297922711
1304.0 0.9574682317797995
1305.0 0.9574682337383805
1305.9999999999998 0.9574682356684341
1307.0 0.9574682375703761
1308.0 0.9574682394446162
1308.9999999999998 0.9574682412915563
1310.0 0.9574682431115936
1310.9999999999998 0.9574682449051202
1312.0 0.9574682466725216
1313.0 0.9574682484141771
1313.9999999999998 0.9574682501304626
1315.0 0.9574682518217457
1316.0 0.9574682534883909
1317.0 0.9574682551307577
1318.0 0.9574682567491976
1318.9999999999998 0.9574682583440595
1320.0 0.9574682599156866
1321.0 0.9574682614644165
1322.0  0.957468262990583
1323.0  0.957468264494514
1323.9999999999998 0.9574682659765336
1325.0 0.9574682674369597
1326.0 0.9574682688761067
1326.9999999999998 0.9574682702942845
1328.0 0.9574682716917995
1328.9999999999998 0.9574682730689504
1330.0 0.9574682744260343
1331.0 0.9574682757633437
1331.9999999999998 0.9574682770811656
1333.0 0.9574682783797839
1334.0 0.9574682796594788
1335.0 0.9574682809205244
1336.0 0.9574682821631941
1336.9999999999998 0.9574682833877529
1338.0 0.9574682845944662
1339.0 0.9574682857835932
1340.0  0.957468286955389
1341.0 0.9574682881101078
1341.9999999999998 0.9574682892479959
1343.0 0.9574682903693007
1344.0 0.9574682914742614
1344.9999999999998 0.9574682925631169
1346.0 0.9574682936361018
1347.0 0.9574682946934473
1348.0 0.9574682957353803
1349.0 0.9574682967621256
1349.9999999999998 0.9574682977739049
1351.0 0.9574682987709348
1352.0 0.9574682997534305
1353.0 0.9574683007216048
1354.0 0.9574683016756637
1354.9999999999998 0.9574683026158147
1356.0 0.9574683035422601
1357.0 0.9574683044551997
1357.9999999999998 0.9574683053548289
1359.0 0.9574683062413422
1359.9999999999998 0.9574683071149308
1361.0 0.9574683079757823
1362.0 0.9574683088240825
1362.9999999999998 0.9574683096600144
1364.0 0.9574683104837587
1365.0 0.9574683112954911
1366.0  0.957468312095388
1367.0 0.9574683128836208
1367.9999999999998 0.9574683136603594
1369.0  0.957468314425773
1370.0 0.9574683151800238
1371.0 0.9574683159232761
1372.0 0.9574683166556901
1372.9999999999998 0.9574683173774227
1374.0   0.95746831808863
1375.0 0.9574683187894656
1375.9999999999998 0.9574683194800802
1377.0 0.9574683201606224
1377.9999999999998 0.9574683208312398
1379.0 0.9574683214920766
1380.0 0.9574683221432739
1380.9999999999998 0.9574683227849738
1382.0 0.9574683234173145
1383.0 0.9574683240404317
1384.0 0.9574683246544597
1385.0 0.9574683252595313
1385.9999999999998 0.9574683258557771
1387.0 0.9574683264433257
1388.0 0.9574683270223032
1389.0 0.9574683275928347
1390.0 0.9574683281550439
1390.9999999999998 0.9574683287090505
1392.0 0.9574683292549756
1393.0 0.9574683297929366
1393.9999999999998 0.9574683303230491
1395.0 0.9574683308454277
1396.0 0.9574683313601849
1397.0 0.9574683318674314
1398.0  0.957468332367278
1398.9999999999998 0.9574683328598315
1400.0 0.9574683333451974
1401.0 0.9574683338234823
1402.0 0.9574683342947885
1403.0 0.9574683347592167
1403.9999999999998 0.9574683352168685
1405.0 0.9574683356678427
1406.0 0.9574683361122353
1406.9999999999998 0.9574683365501436
1408.0 0.9574683369816608
1408.9999999999998  0.957468337406881
1410.0 0.9574683378258966
1411.0 0.9574683382387963
1411.9999999999998 0.9574683386456707
1413.0 0.9574683390466061
1414.0 0.9574683394416907
1415.0 0.9574683398310089
1416.0 0.9574683402146449
1416.9999999999998 0.9574683405926812
1418.0 0.9574683409652002
1419.0 0.9574683413322816
1420.0  0.957468341694005
1421.0 0.9574683420504482
1421.9999999999998  0.957468342401689
1423.0  0.957468342747802
1424.0 0.9574683430888633
1424.9999999999998 0.9574683434249451
1426.0 0.9574683437561209
1426.9999999999998 0.9574683440824623
1428.0 0.9574683444040395
1429.0 0.9574683447209219
1429.9999999999998 0.9574683450331776
1431.0  0.957468345340875
1432.0   0.95746834564408
1433.0 0.9574683459428585
1434.0  0.957468346237274
1434.9999999999998  0.957468346527391
1436.0 0.9574683468132719
1437.0 0.9574683470949786
1438.0 0.9574683473725728
1439.0 0.9574683476461127
1439.9999999999998 0.9574683479156586
1441.0 0.9574683481812685
1442.0 0.9574683484429996
1442.9999999999998 0.9574683487009082
1444.0  0.957468348955051
1445.0 0.9574683492054819
1446.0 0.9574683494522562
1447.0 0.9574683496954258
1447.9999999999998 0.9574683499350448
1449.0  0.957468350171164
1450.0  0.957468350403834
1451.0 0.9574683506331066
1452.0 0.9574683508590299
1452.9999999999998 0.9574683510816537
1454.0 0.9574683513010253
1455.0 0.9574683515171932
1455.9999999999998 0.9574683517302035
1457.0 0.9574683519401019
1457.9999999999998 0.9574683521469343
1459.0 0.9574683523507453
1460.0 0.9574683525515792
1460.9999999999998 0.9574683527494792
1462.0 0.9574683529444884
1463.0 0.9574683531366488
1464.0 0.9574683533260012
1465.0 0.9574683535125875
1465.9999999999998 0.9574683536964476
1467.0 0.9574683538776216
1468.0 0.9574683540561489
1469.0 0.9574683542320672
1470.0 0.9574683544054159
1470.9999999999998 0.9574683545762314
1472.0 0.9574683547445508
1473.0 0.9574683549104109
1473.9999999999998 0.9574683550738475
1475.0 0.9574683552348955
1475.9999999999998 0.9574683553935903
1477.0 0.9574683555499661
1478.0 0.9574683557040569
1478.9999999999998 0.9574683558558956
1480.0 0.9574683560055148
1481.0 0.9574683561529485
1482.0 0.9574683562982274
1483.0  0.957468356441382
1483.9999999999998  0.957468356582445
1485.0 0.9574683567214465
1486.0 0.9574683568584156
1487.0 0.9574683569933837
1488.0 0.9574683571263783
1488.9999999999998 0.9574683572574296
1490.0 0.9574683573865642
1491.0  0.957468357513812
1491.9999999999998 0.9574683576392004
1493.0 0.9574683577627545
1493.9999999999998 0.9574683578845037
1495.0 0.9574683580044719
1496.0 0.9574683581226872
1496.9999999999998 0.9574683582391739
1498.0 0.9574683583539575
1499.0 0.9574683584670626
1500.0  0.957468358578515
1501.0 0.9574683586883375
1501.9999999999998 0.9574683587965542
1503.0 0.9574683589031888
1504.0 0.9574683590082642
1504.9999999999998  0.957468359111803
1506.0 0.9574683592138281
1506.9999999999998 0.9574683593143616
1508.0 0.9574683594134245
1509.0 0.9574683595110395
1509.9999999999998 0.9574683596072265
1511.0 0.9574683597020068
1512.0 0.9574683597954013
1513.0 0.9574683598874301
1514.0 0.9574683599781126
1514.9999999999998 0.9574683600674692
1516.0 0.9574683601555193
1517.0 0.9574683602422811
1518.0 0.9574683603277739
1519.0 0.9574683604120166
1519.9999999999998  0.957468360495027
1521.0 0.9574683605768232
1522.0 0.9574683606574232
1522.9999999999998 0.9574683607368437
1524.0 0.9574683608151033
1524.9999999999998 0.9574683608922178
1526.0 0.9574683609682038
1527.0 0.9574683610430788
1527.9999999999998 0.9574683611168578
1529.0 0.9574683611895584
1530.0 0.9574683612611942
1531.0 0.9574683613317828
1532.0 0.9574683614013388
1532.9999999999998 0.9574683614698768
1534.0 0.9574683615374121
1535.0 0.9574683616039591
1536.0 0.9574683616695329
1537.0 0.9574683617341474
1537.9999999999998 0.9574683617978159
1539.0 0.9574683618605533
1540.0  0.957468361922372
1540.9999999999998 0.9574683619832863
1542.0 0.9574683620433095
1542.9999999999998 0.9574683621024541
1544.0 0.9574683621607336
1545.0 0.9574683622181596
1545.9999999999998 0.9574683622747454
1547.0 0.9574683623305036
1548.0 0.9574683623854452
1549.0 0.9574683624395827
1550.0 0.9574683624929287
1550.9999999999998  0.957468362545493
1552.0 0.9574683625972881
1553.0 0.9574683626483257
1553.9999999999998 0.9574683626986151
1555.0  0.957468362748169
1555.9999999999998  0.957468362796998
1557.0 0.9574683628451114
1558.0 0.9574683628925214
1558.9999999999998 0.9574683629392367
1560.0 0.9574683629852686
1561.0 0.9574683630306263
1562.0 0.9574683630753197
1563.0 0.9574683631193593
1563.9999999999998 0.9574683631627541
1565.0 0.9574683632055135
1566.0 0.9574683632476467
1567.0 0.9574683632891627
1568.0 0.9574683633300721
1568.9999999999998 0.9574683633703818
1570.0 0.9574683634101006
1571.0  0.957468363449238
1571.9999999999998 0.9574683634878035
1573.0 0.9574683635258028
1573.9999999999998 0.9574683635632468
1575.0 0.9574683636001419
1576.0 0.9574683636364966
1576.9999999999998  0.957468363672319
1578.0 0.9574683637076173
1579.0 0.9574683637423982
1580.0 0.9574683637766694
1581.0 0.9574683638104393
1581.9999999999998 0.9574683638437141
1583.0 0.9574683638765017
1584.0 0.9574683639088091
1584.9999999999998 0.9574683639406433
1586.0 0.9574683639720112
1586.9999999999998 0.9574683640029196
1588.0 0.9574683640333758
1589.0 0.9574683640633849
1589.9999999999998 0.9574683640929548
1591.0 0.9574683641220918
1591.9999999999998 0.9574683641508019
1593.0 0.9574683641790916
1594.0 0.9574683642069656
1594.9999999999998 0.9574683642344328
1596.0 0.9574683642614972
1597.0  0.957468364288164
1598.0 0.9574683643144414
1599.0 0.9574683643403334
1599.9999999999998 0.9574683643658457
1601.0 0.9574683643909844
1602.0 0.9574683644157544
1602.9999999999998  0.957468364440162
1604.0 0.9574683644642116
1604.9999999999998 0.9574683644879087
1606.0 0.9574683645112588
1607.0 0.9574683645342668
1607.9999999999998 0.9574683645569373
1609.0 0.9574683645792763
1609.9999999999998 0.9574683646012867
1611.0 0.9574683646229755
1612.0 0.9574683646443465
1612.9999999999998 0.9574683646654037
1614.0 0.9574683646861525
1615.0 0.9574683647065969
1616.0 0.9574683647267416
1617.0 0.9574683647465917
1617.9999999999998 0.9574683647661507
1619.0 0.9574683647854223
1620.0 0.9574683648044122
1620.9999999999998 0.9574683648231227
1622.0 0.9574683648415602
1622.9999999999998 0.9574683648597262
1624.0 0.9574683648776272
1625.0 0.9574683648952647
1625.9999999999998  0.957468364912644
1627.0 0.9574683649297684
1628.0 0.9574683649466417
1629.0 0.9574683649632677
1630.0 0.9574683649796498
1630.9999999999998 0.9574683649957919
1632.0 0.9574683650116973
1633.0 0.9574683650273695
1633.9999999999998 0.9574683650428114
1635.0  0.957468365058028
1635.9999999999998   0.95746836507302
1637.0 0.9574683650877933
1638.0 0.9574683651023497
1638.9999999999998 0.9574683651166918
1640.0 0.9574683651308241
1640.9999999999998 0.9574683651447495
1642.0 0.9574683651584702
1643.0 0.9574683651719899
1643.9999999999998 0.9574683651853114
1645.0  0.957468365198437
1646.0 0.9574683652113708
1647.0 0.9574683652241148
1648.0 0.9574683652366713
1648.9999999999998 0.9574683652490443
1650.0  0.957468365261235
1651.0 0.9574683652732473
1651.9999999999998 0.9574683652850828
1653.0 0.9574683652967456
1653.9999999999998 0.9574683653082375
1655.0 0.9574683653195597
1656.0 0.9574683653307162
1656.9999999999998  0.957468365341709
1658.0 0.9574683653525407
1658.9999999999998 0.9574683653632134
1660.0 0.9574683653737296
1661.0  0.957468365384092
1661.9999999999998 0.9574683653943012
1663.0 0.9574683654043616
1664.0  0.957468365414273
1665.0 0.9574683654240405
1666.0 0.9574683654336636
1666.9999999999998 0.9574683654431467
1668.0 0.9574683654524894
1669.0 0.9574683654616953
1669.9999999999998 0.9574683654707664
1671.0 0.9574683654797044
1671.9999999999998 0.9574683654885112
1673.0 0.9574683654971877
1674.0 0.9574683655057384
1674.9999999999998 0.9574683655141627
1676.0  0.957468365522464
1677.0 0.9574683655306425
1678.0 0.9574683655387017
1679.0 0.9574683655466426
1679.9999999999998 0.9574683655544663
1681.0 0.9574683655621753
1682.0 0.9574683655697711
1682.9999999999998 0.9574683655772563
1684.0  0.957468365584631
1684.9999999999998 0.9574683655918972
1686.0 0.9574683655990569
1687.0 0.9574683656061119
1687.9999999999998 0.9574683656130623
1689.0 0.9574683656199117
1689.9999999999998 0.9574683656266604
1691.0 0.9574683656333091
1692.0 0.9574683656398607
1692.9999999999998  0.957468365646316
1694.0 0.9574683656526773
1695.0 0.9574683656589441
1696.0 0.9574683656651194
1697.0 0.9574683656712036
1697.9999999999998 0.9574683656771992
1699.0 0.9574683656831061
1700.0 0.9574683656889265
1700.9999999999998 0.9574683656946618
1702.0 0.9574683657003124
1702.9999999999998 0.9574683657058801
1704.0 0.9574683657113654
1705.0 0.9574683657167711
1705.9999999999998 0.9574683657220964
1707.0 0.9574683657273444
1707.9999999999998 0.9574683657325147
1709.0 0.9574683657376093
1710.0 0.9574683657426287
1710.9999999999998 0.9574683657475753
1712.0 0.9574683657524488
1713.0   0.95746836575725
1714.0 0.9574683657619819
1715.0 0.9574683657666433
1715.9999999999998 0.9574683657712362
1717.0 0.9574683657757622
1718.0 0.9574683657802214
1718.9999999999998 0.9574683657846151
1720.0 0.9574683657889438
1720.9999999999998 0.9574683657932099
1722.0 0.9574683657974123
1723.0 0.9574683658015534
1723.9999999999998  0.957468365805634
1725.0 0.9574683658096543
1726.0 0.9574683658136152
1727.0 0.9574683658175178
1728.0 0.9574683658213633
1728.9999999999998 0.9574683658251527
1730.0 0.9574683658288863
1731.0 0.9574683658325646
1731.9999999999998 0.9574683658361892
1733.0 0.9574683658397601
1733.9999999999998 0.9574683658432785
1735.0 0.9574683658467456
1736.0 0.9574683658501615
1736.9999999999998 0.9574683658535275
1738.0 0.9574683658568441
1738.9999999999998 0.9574683658601113
1740.0 0.9574683658633308
1741.0 0.9574683658665027
1741.9999999999998 0.9574683658696286
1743.0  0.957468365872708
1744.0 0.9574683658757426
1745.0 0.9574683658787325
1746.0 0.9574683658816778
1746.9999999999998 0.9574683658845802
1748.0 0.9574683658874401
1749.0 0.9574683658902574
1749.9999999999998 0.9574683658930337
1751.0  0.957468365895769
1751.9999999999998 0.9574683658984642
1753.0 0.9574683659011195
1754.0 0.9574683659037363
1754.9999999999998 0.9574683659063142
1756.0 0.9574683659088548
1756.9999999999998 0.9574683659113569
1758.0 0.9574683659138222
1759.0 0.9574683659162528
1759.9999999999998 0.9574683659186468
1761.0  0.957468365921005
1762.0 0.9574683659233287
1763.0 0.9574683659256192
1764.0 0.9574683659278748
1764.9999999999998 0.9574683659300983
1766.0 0.9574683659322881
1767.0 0.9574683659344461
1767.9999999999998 0.9574683659365721
1769.0 0.9574683659386672
1769.9999999999998 0.9574683659407315
1771.0 0.9574683659427652
1772.0  0.957468365944769
1772.9999999999998 0.9574683659467437
1774.0 0.9574683659486887
1774.9999999999998 0.9574683659506055
1776.0 0.9574683659524937
1777.0 0.9574683659543545
1777.9999999999998 0.9574683659561878
1779.0  0.957468365957994
1780.0 0.9574683659597738
1780.9999999999998 0.9574683659615272
1782.0 0.9574683659632549
1782.9999999999998 0.9574683659649579
1784.0 0.9574683659666344
1785.0 0.9574683659682874
1785.9999999999998 0.9574683659699155
1787.0 0.9574683659715197
1787.9999999999998 0.9574683659731004
1789.0 0.9574683659746576
1790.0 0.9574683659761923
1790.9999999999998 0.9574683659777037
1792.0 0.9574683659791938
1793.0  0.957468365980661
1794.0 0.9574683659821076
1795.0 0.9574683659835325
1795.9999999999998 0.9574683659849362
1797.0  0.957468365986319
1798.0 0.9574683659876817
1798.9999999999998 0.9574683659890251
1800.0 0.9574683659903478
1800.9999999999998  0.957468365991651
1802.0 0.9574683659929353
1803.0 0.9574683659942007
1803.9999999999998 0.9574683659954476
1805.0 0.9574683659966758
1805.9999999999998 0.9574683659978859
1807.0 0.9574683659990783
1808.0 0.9574683660002534
1808.9999999999998 0.9574683660014106
1810.0 0.9574683660025514
1811.0 0.9574683660036752
1812.0 0.9574683660047822
1813.0 0.9574683660058736
1813.9999999999998  0.957468366006948
1815.0 0.9574683660080072
1816.0 0.9574683660090502
1816.9999999999998  0.957468366010078
1818.0  0.957468366011091
1818.9999999999998 0.9574683660120886
1820.0 0.9574683660130723
1821.0 0.9574683660140413
1821.9999999999998 0.9574683660149953
1823.0 0.9574683660159354
1823.9999999999998 0.9574683660168626
1825.0 0.9574683660177753
1826.0 0.9574683660186746
1826.9999999999998 0.9574683660195602
1828.0 0.9574683660204341
1829.0  0.957468366021294
1829.9999999999998  0.957468366022142
1831.0 0.9574683660229768
1831.9999999999998 0.9574683660237994
1833.0 0.9574683660246104
1834.0 0.9574683660254091
1834.9999999999998 0.9574683660261959
1836.0 0.9574683660269713
1836.9999999999998 0.9574683660277352
1838.0 0.9574683660284872
1839.0 0.9574683660292291
1839.9999999999998 0.9574683660299599
1841.0 0.9574683660306794
1842.0 0.9574683660313886
1843.0 0.9574683660320878
1844.0 0.9574683660327757
1844.9999999999998 0.9574683660334546
1846.0 0.9574683660341228
1847.0 0.9574683660347809
1847.9999999999998 0.9574683660354298
1849.0 0.9574683660360691
1849.9999999999998 0.9574683660366992
1851.0 0.9574683660373191
1852.0 0.9574683660379307
1852.9999999999998 0.9574683660385331
1854.0 0.9574683660391263
1854.9999999999998  0.957468366039711
1856.0 0.9574683660402876
1857.0 0.9574683660408543
1857.9999999999998 0.9574683660414135
1859.0  0.957468366041965
1860.0 0.9574683660425075
1861.0 0.9574683660430426
1862.0 0.9574683660435693
1862.9999999999998 0.9574683660440881
1864.0 0.9574683660446003
1865.0 0.9574683660451039
1865.9999999999998 0.9574683660456008
1867.0 0.9574683660460894
1867.9999999999998  0.957468366046572
1869.0 0.9574683660470463
1870.0 0.9574683660475141
1870.9999999999998 0.9574683660479754
1872.0 0.9574683660484294
1872.9999999999998 0.9574683660488766
1874.0 0.9574683660493176
1875.0 0.9574683660497522
1875.9999999999998 0.9574683660501803
1877.0 0.9574683660506017
1878.0 0.9574683660510172
1878.9999999999998 0.9574683660514265
1880.0 0.9574683660518297
1880.9999999999998 0.9574683660522267
1882.0 0.9574683660526182
1883.0 0.9574683660530041
1883.9999999999998 0.9574683660533839
1885.0 0.9574683660537583
1885.9999999999998 0.9574683660541266
1887.0 0.9574683660544907
1888.0 0.9574683660548479
1888.9999999999998 0.9574683660552007
1890.0 0.9574683660555483
1890.9999999999998 0.9574683660558908
1892.0  0.957468366056228
1893.0 0.9574683660565608
1893.9999999999998 0.9574683660568878
1895.0 0.9574683660572106
1896.0 0.9574683660575284
1896.9999999999998 0.9574683660578419
1898.0   0.95746836605815
1898.9999999999998 0.9574683660584539
1900.0 0.9574683660587533
1901.0 0.9574683660590482
1901.9999999999998  0.957468366059339
1903.0 0.9574683660596255
1903.9999999999998 0.9574683660599077
1905.0 0.9574683660601856
1906.0 0.9574683660604596
1906.9999999999998 0.9574683660607294
1908.0 0.9574683660609956
1909.0 0.9574683660612574
1909.9999999999998 0.9574683660615155
1911.0 0.9574683660617697
1911.9999999999998   0.95746836606202
1913.0  0.957468366062267
1914.0 0.9574683660625097
1914.9999999999998 0.9574683660627492
1916.0 0.9574683660629856
1916.9999999999998 0.9574683660632178
1918.0 0.9574683660634472
1919.0  0.957468366063673
1919.9999999999998 0.9574683660638957
1921.0  0.957468366064114
1921.9999999999998 0.9574683660643301
1923.0 0.9574683660645433
1924.0 0.9574683660647522
1924.9999999999998 0.9574683660649586
1926.0 0.9574683660651624
1927.0 0.9574683660653629
1927.9999999999998   0.95746836606556
1929.0 0.9574683660657545
1929.9999999999998 0.9574683660659461
1931.0 0.9574683660661347
1932.0 0.9574683660663205
1932.9999999999998 0.9574683660665037
1934.0 0.9574683660666848
1934.9999999999998 0.9574683660668621
1936.0 0.9574683660670379
1937.0 0.9574683660672104
1937.9999999999998 0.9574683660673805
1939.0  0.957468366067548
1939.9999999999998 0.9574683660677125
1941.0 0.9574683660678757
1942.0  0.957468366068036
1942.9999999999998 0.9574683660681937
1944.0 0.9574683660683491
1945.0 0.9574683660685029
1945.9999999999998 0.9574683660686533
1947.0 0.9574683660688021
1947.9999999999998 0.9574683660689493
1949.0 0.9574683660690932
1950.0 0.9574683660692356
1950.9999999999998 0.9574683660693752
1952.0 0.9574683660695132
1952.9999999999998 0.9574683660696497
1954.0 0.9574683660697836
1954.9999999999998 0.9574683660699156
1955.9999999999998 0.9574683660700456
1957.0 0.9574683660701739
1958.0 0.9574683660703004
1958.9999999999998 0.9574683660704252
1960.0  0.957468366070547
1961.0 0.9574683660706681
1961.9999999999998 0.9574683660707873
1963.0 0.9574683660709038
1964.0 0.9574683660710198
1964.9999999999998 0.9574683660711332
1965.9999999999998 0.9574683660712455
1967.0 0.9574683660713554
1967.9999999999998 0.9574683660714646
1968.9999999999998 0.9574683660715722
1970.0 0.9574683660716771
1971.0 0.9574683660717815
1971.9999999999998 0.9574683660718839
1973.0 0.9574683660719847
1974.0  0.957468366072084
1974.9999999999998 0.9574683660721822
1976.0  0.957468366072278
1977.0 0.9574683660723741
1977.9999999999998 0.9574683660724677
1978.9999999999998   0.95746836607256
1980.0 0.9574683660726504
1981.0000000000002 0.9574683660727403
1981.9999999999998 0.9574683660728288
1983.0  0.957468366072916
1984.0 0.9574683660730009
1984.9999999999998  0.957468366073086
1986.0 0.9574683660731691
1987.0 0.9574683660732511
1987.9999999999998 0.9574683660733317
1988.9999999999998 0.9574683660734109
1990.0 0.9574683660734893
1990.9999999999998 0.9574683660735662
1991.9999999999998 0.9574683660736425
1993.0 0.9574683660737177
1994.0 0.9574683660737915
1994.9999999999998 0.9574683660738641
1996.0 0.9574683660739358
1997.0 0.9574683660740062
1997.9999999999998 0.9574683660740755
1999.0 0.9574683660741442
2000.0 0.9574683660742113
