d R_spp
-0.035 0.5237731851301642
0.9649999999999999 0.5118295106611533
1.9649999999999999 0.5000919689386548
 2.965 0.48861196178872673
3.9650000000000003 0.4774427378941996
 4.965 0.4666389582267933
5.965000000000001  0.456256193150911
 6.965 0.44635035522078764
7.964999999999999 0.43697707429898835
 8.965 0.4281910243281326
9.964999999999998  0.420045213760882
10.965 0.41259025414794254
11.965 0.40587362354154805
12.964999999999998  0.399938943033383
13.965  0.394825285764785
14.964999999999998 0.39056653800276836
15.965 0.3871908312860497
16.965 0.3847200631788741
17.965000000000003 0.3831695218515916
18.965 0.3825476266193872
19.965 0.38285579285415583
20.965 0.3840884255267319
21.965 0.3862330412584651
22.965 0.3892705144007212
23.965000000000003 0.3931754385544656
24.965 0.3979165913048611
25.965 0.40345748695659395
26.965 0.4097569998434775
27.965 0.4167700394234589
28.965 0.4244482578715936
29.965 0.43274077120811383
30.965 0.44159487605878534
31.964999999999996 0.4509567458168748
32.964999999999996 0.4607720921139991
33.964999999999996 0.47098677995484933
34.964999999999996 0.4815473874749217
35.964999999999996 0.4924017038995272
36.964999999999996 0.5034991617955367
37.964999999999996 0.5147912020180093
38.964999999999996 0.5262315717919668
39.964999999999996 0.5377765580913284
40.964999999999996  0.549385159862642
41.964999999999996 0.5610192036913181
42.96499999999999 0.5726434082396665
43.964999999999996 0.5842254032279929
44.964999999999996 0.5957357089194251
45.964999999999996 0.6071476820463232
46.964999999999996 0.6184374339237291
47.964999999999996 0.6295837261727928
48.964999999999996 0.6405678490624701
49.964999999999996 0.6513734870035641
50.964999999999996 0.6619865752233536
51.964999999999996 0.6723951511348291
52.964999999999996  0.682589203409941
53.964999999999996 0.6925605212847782
54.964999999999996 0.7023025461758242
55.964999999999996 0.7118102272769167
56.964999999999996  0.721079882438904
57.964999999999996 0.7301090653103084
58.964999999999996  0.738896439436091
59.96499999999999 0.7474416597717574
60.964999999999996 0.7557452618681397
61.96500000000001 0.7638085588157749
62.965 0.7716335459023429
63.965 0.7792228128296439
64.965 0.7865794632533346
65.96499999999999 0.7937070413466806
66.965 0.8006094650451302
67.965 0.8072909655989182
68.965 0.8137560330437077
69.965 0.8200093671916254
70.96499999999999 0.8260558337458332
71.965 0.8319004251483574
72.965 0.8375482257824055
73.965  0.843004381165462
74.965 0.8482740707867944
75.96499999999999 0.8533624842622707
76.965  0.858274800499261
77.965 0.8630161695850114
78.965 0.8675916971322236
79.965 0.8720064308356772
80.96499999999999 0.8762653490131546
81.965 0.8803733509226735
82.965 0.8843352486657081
83.965 0.8881557605028736
84.965 0.8918395054242626
85.96499999999999 0.8953909988312742
86.965 0.8988146492003544
87.965 0.9021147556116377
88.965 0.9052955060371004
89.965 0.9083609762933536
90.96499999999999 0.9113151295740084
91.965 0.9141618164853562
92.965 0.9169047755171402
93.965 0.9195476338875899
94.96499999999999 0.9220939087084502
95.965  0.924547008421752
96.965 0.9269102344654849
97.965 0.9291867831302247
98.965 0.9313797475731194
99.96499999999999 0.9334921199595874
100.965 0.9355267937066662
101.965 0.9374865658050124
102.965 0.9393741391995145
103.965 0.9411921252108907
104.96499999999999 0.9429430459829736
105.965 0.9446293369423985
106.965 0.9462533492591692
107.965 0.9478173522981567
108.965 0.9493235360530567
109.96499999999999 0.9507740135555691
110.965 0.9521708232535734
111.965 0.9535159313532647
112.965 0.9548112341208048
113.965 0.9560585601401026
114.96499999999999 0.9572596725237268
115.965 0.9584162710747713
116.965 0.9595299943978692
117.965 0.9606024219580431
118.965  0.961635076086517
119.96499999999999 0.9626294239328618
120.965 0.9635868793632433
121.965 0.9645088048047268
122.96499999999997 0.9653965130358425
123.965 0.9662512689238144
124.96499999999999 0.9670742911089493
125.96499999999999 0.9678667536369561
126.96499999999999 0.9686297875398929
127.96499999999999  0.969364482366706
128.96499999999997  0.970071887664304
129.96499999999997 0.9707530144101691
130.96499999999997 0.9714088363976567
131.96499999999997 0.9720402915750104
132.965 0.9726482833393282
133.965 0.9732336817865688
134.965 0.9737973249188524
135.965 0.9743400198101448
136.96499999999997 0.9748625437316345
137.96499999999997 0.9753656452378409
138.96499999999997 0.9758500452147597
139.96499999999997 0.9763164378910894
140.96499999999997 0.9767654918137674
141.96499999999997 0.9771978507888911
142.965 0.9776141347891407
143.965 0.9780149408288119
144.965 0.9784008438074825
145.96499999999997 0.9787723973233661
146.96499999999997  0.979130134457405
147.96499999999997 0.9794745685289855
148.96499999999997 0.9798061938243748
149.96499999999997 0.9801254862987199
150.96499999999997 0.9804329042525243
151.96499999999997 0.9807288889835359
152.965 0.9810138654148508
153.965 0.9812882427001445
154.965  0.981552414806678
155.96499999999997 0.9818067610771015
156.96499999999997 0.9820516467705436
157.96499999999997 0.9822874235839627
158.96499999999997 0.9825144301542832
159.96499999999997 0.9827329925421148
160.96499999999997  0.982943424697682
161.96499999999997 0.9831460289095809
162.965  0.983341096237044
163.965 0.9835289069262382
164.965 0.9837097308112135
165.96499999999997 0.9838838277000987
166.96499999999997 0.9840514477469706
167.96499999999997 0.9842128318100412
168.96499999999997  0.984368211796595
169.96499999999997 0.9845178109951586
170.96499999999997 0.9846618443953873
171.96499999999997 0.9848005189961421
172.965 0.9849340341021389
173.965 0.9850625816096177
174.965 0.9851863462814454
175.96499999999997 0.9853055060120216
176.96499999999997  0.985420232082354
177.96499999999997 0.9855306894057234
178.96499999999997  0.985637036764183
179.96499999999997 0.9857394270363464
180.96499999999997 0.9858380074166779
181.96499999999997  0.985932919626712
182.965 0.9860243001183479
183.965 0.9861122802697092
184.96499999999997 0.9861969865736369
185.96499999999997  0.986278540819271
186.96499999999997 0.9863570602668128
187.96499999999997 0.9864326578158831
188.96499999999997 0.9865054421675512
189.96499999999997 0.9865755179804145
190.96499999999997 0.9866429860208299
191.965 0.9867079433076108
192.965 0.9867704832513224
193.965 0.9868306957884083
194.96499999999997 0.9868886675103454
195.96499999999997 0.9869444817879889
196.96499999999997 0.9869982188913057
197.96499999999997  0.987049956104671
198.96499999999997 0.9870997678378377
199.96499999999997  0.987147725732856
200.96499999999997 0.9871938987669411
201.965 0.9872383533515775
202.965  0.987281153427911
203.965 0.9873223605586147
204.96499999999997 0.9873620340163015
205.96499999999997 0.9874002308687236
206.96499999999997 0.9874370060607287
207.96499999999997  0.987472412493206
208.96499999999997 0.9875065010991112
209.96499999999997 0.9875393209166445
210.96499999999997 0.9875709191596972
211.965   0.98760134128572
212.965 0.9876306310610338
213.96499999999997 0.9876588306237146
214.96499999999997 0.9876859805441756
215.96499999999997 0.9877121198834362
216.96499999999997 0.9877372862492954
217.96499999999997 0.9877615158503581
218.96499999999997 0.9877848435480806
219.96499999999997 0.9878073029068863
220.96499999999997 0.9878289262423912
221.965 0.9878497446678736
222.965 0.9878697881389806
223.96499999999997  0.987889085496796
224.96499999999997 0.9879076645092851
225.96499999999997 0.9879255519112328
226.96499999999997 0.9879427734426677
227.96499999999997  0.987959353885846
228.96499999999997 0.9879753171009179
229.96499999999997 0.9879906860601879
230.96499999999997 0.9880054828811704
231.965 0.9880197288583777
232.965 0.9880334444939445
233.96499999999997  0.988046649527085
234.96499999999997 0.9880593629625015
235.96499999999997 0.9880716030976886
236.96499999999997 0.9880833875492521
237.96499999999997 0.9880947332782466
238.96499999999997 0.9881056566145401
239.96499999999997 0.9881161732803325
240.96499999999997 0.9881262984127259
241.965 0.9881360465855247
242.96499999999997 0.9881454318301686
243.96499999999997 0.9881544676559265
244.96499999999997 0.9881631670693242
245.96499999999995 0.9881715425928368
246.96499999999997 0.9881796062829097
247.965 0.9881873697472977
248.96499999999997   0.98819484416175
249.965 0.9882020402861057
250.96499999999997 0.9882089684797358
251.965  0.988215638716481
252.96499999999995 0.9882220605989652
253.96499999999997 0.9882282433724221
254.96499999999995 0.9882341959380079
255.96499999999997 0.9882399268655713
256.96500000000003 0.9882454444060099
257.965 0.9882507565031226
258.965 0.9882558708050567
259.965 0.9882607946752741
260.965 0.9882655352031904
261.965 0.9882700992143263
262.965 0.9882744932801676
263.965 0.9882787237275945
264.965 0.9882827966479936
265.96500000000003 0.9882867179060086
266.965 0.9882904931480133
267.965  0.988294127810179
268.965 0.9882976271263532
269.965 0.9883009961355472
270.965 0.9883042396892118
271.965 0.9883073624582097
272.965 0.9883103689395275
273.965 0.9883132634627599
274.965  0.988316050196344
275.965  0.988318733153526
276.965 0.9883213161981792
277.965 0.9883238030503279
278.965 0.9883261972915275
279.965 0.9883285023699983
280.965 0.9883307216055992
281.965 0.9883328581946004
282.965 0.9883349152142845
283.965 0.9883368956273798
284.965 0.9883388022863161
285.96500000000003 0.9883406379373323
286.965 0.9883424052244358
287.965 0.9883441066932002
288.965  0.988345744794418
289.965 0.9883473218876639
290.965 0.9883488402446504
291.965 0.9883503020525252
292.965 0.9883517094170037
293.965 0.9883530643654087
294.965 0.9883543688495761
295.965 0.9883556247486864
296.965 0.9883568338719512
297.965 0.9883579979612228
298.965 0.9883591186935006
299.965 0.9883601976833473
300.965 0.9883612364852132
301.965 0.9883622365956776
302.965 0.9883631994555853
303.965 0.9883641264521448
304.965 0.9883650189209218
305.965 0.9883658781477256
306.965 0.9883667053705223
307.965   0.98836750178117
308.965 0.9883682685271502
309.965 0.9883690067132143
310.965 0.9883697174029833
311.965 0.9883704016204711
312.965 0.9883710603515677
313.965 0.9883716945454502
314.965 0.9883723051159494
315.965 0.9883728929428713
316.965 0.9883734588732608
317.965 0.9883740037226241
318.965 0.9883745282760938
319.965 0.9883750332895749
320.965 0.9883755194908204
321.965 0.9883759875804797
322.965 0.9883764382331173
323.965 0.9883768720981758
324.965 0.9883772898009104
325.965 0.9883776919433044
326.965  0.988378079104905
327.965 0.9883784518437009
328.965  0.988378810696876
329.965 0.9883791561816294
330.965 0.9883794887958868
331.965 0.9883798090190421
332.965 0.9883801173126331
333.965 0.9883804141209964
334.965 0.9883806998719386
335.965   0.98838097497733
336.965 0.9883812398336999
337.965 0.9883814948228047
338.965  0.988381740312191
339.965 0.9883819766557169
340.965 0.9883822041940551
341.965 0.9883824232552024
342.965 0.9883826341549268
343.965 0.9883828371972401
344.965 0.9883830326748387
345.965 0.9883832208695166
346.965 0.9883834020525566
347.965 0.9883835764851593
348.965 0.9883837444187874
349.965 0.9883839060955356
350.965 0.9883840617484796
351.965 0.9883842116020246
352.965 0.9883843558722127
353.965 0.9883844947670352
354.965  0.988384628486737
355.965 0.9883847572241159
356.965 0.9883848811647704
357.965 0.9883850004874021
358.965 0.9883851153640443
359.965 0.9883852259603324
360.965 0.9883853324357305
361.965 0.9883854349437531
362.965 0.9883855336322129
363.965 0.9883856286433966
364.965 0.9883857201143059
365.965 0.9883858081768433
366.965 0.9883858929579826
367.965 0.9883859745799758
368.965  0.988386053160526
369.965   0.98838612881294
370.965 0.9883862016463171
371.965 0.9883862717656815
372.965 0.9883863392721469
373.965 0.9883864042630742
374.965  0.988386466832174
375.965 0.9883865270696878
376.965  0.988386585062483
377.965 0.9883866408941911
378.965  0.988386694645335
379.965 0.9883867463934322
380.965 0.9883867962131166
381.965 0.9883868441762405
382.965 0.9883868903519767
383.965 0.9883869348069199
384.965 0.9883869776051909
385.965 0.9883870188085201
386.965 0.9883870584763301
387.965  0.988387096665841
388.965 0.9883871334321281
389.965 0.9883871688282335
390.965 0.9883872029052049
391.965 0.9883872357121937
392.965 0.9883872672965297
393.965 0.9883872977037632
394.965 0.9883873269777648
395.965  0.988387355160752
396.965 0.9883873822933883
397.965 0.9883874084148051
398.965 0.9883874335626901
399.965 0.9883874577733194
400.965 0.9883874810816182
401.965 0.9883875035212063
402.965 0.9883875251244629
403.965 0.9883875459225513
404.965 0.9883875659454721
405.965 0.9883875852221184
406.965 0.9883876037802948
407.965 0.9883876216467771
408.965 0.9883876388473433
409.965 0.9883876554068092
410.965 0.9883876713490662
411.965  0.988387686697113
412.965 0.9883877014730972
413.965 0.9883877156983341
414.965 0.9883877293933512
415.965 0.9883877425779075
416.965 0.9883877552710271
417.965  0.988387767491025
418.965 0.9883877792555336
419.965 0.9883877905815284
420.965 0.9883878014853521
421.965 0.9883878119827335
422.965  0.988387822088828
423.965 0.9883878318182118
424.965 0.9883878411849348
425.965 0.9883878502024975
426.965 0.9883878588839308
427.965   0.98838786724175
428.965 0.9883878752880187
429.965 0.9883878830343533
430.965 0.9883878904919283
431.965 0.9883878976715023
432.9649999999999  0.988387904583448
433.965 0.9883879112377321
434.965  0.988387917643959
435.965  0.988387923811372
436.965 0.9883879297488782
437.965 0.9883879354650399
438.965 0.9883879409681167
439.965 0.9883879462660444
440.965 0.9883879513664714
441.965  0.988387956276754
442.965 0.9883879610039832
443.965 0.9883879655549861
444.965 0.9883879699363258
445.965 0.9883879741543302
446.965  0.988387978215086
447.965 0.9883879821244534
448.965 0.9883879858880761
