Filename	Aperture_In	Aperture_Gr	Steps	Sum	IMO	Noise_In	Signal_In	Norm_In	Noise_gr	Signal_gr	Norm_gr	Gap
02_FEL beam on the edge_Gr+InSb-up_InSb-down-along lines_gap-0_IMO-38_0001.ascii.csv	6600484,078	1471097,297	0	5	38	-207177,9219	33648,97977	0,525619114	30041,29688	7900,729441	0,171513464	0
03_FEL beam on the edge_Gr+InSb-up_InSb-down-along lines_gap-500_IMO-38_0001.ascii.csv	7490238,078	1891088,297	500	5	38	-207177,9219	38331,89556	0,598769328	30041,29688	10111,20839	0,21949978	41,5
04_FEL beam on the edge_Gr+InSb-up_InSb-down-along lines_gap-1000_IMO-38_0001.ascii.csv	7663159,078	2071749,297	1000	5	38	-207177,9219	39242,00609	0,612985851	30041,29688	11062,05576	0,240141308	83
05_FEL beam on the edge_Gr+InSb-up_InSb-down-along lines_gap-1500_IMO-38_0001.ascii.csv	7083025,078	2210350,297	1500	5	38	-207177,9219	36188,66924	0,565290728	30041,29688	11791,5347	0,255977246	124,5
06_FEL beam on the edge_Gr+InSb-up_InSb-down-along lines_gap-1600_IMO-38_0001.ascii.csv	6711249,078	2148896,297	2000	5	38	-207177,9219	34231,95345	0,534725545	30041,29688	11468,0926	0,248955783	166
07_FEL beam on the edge_Gr+InSb-up_InSb-down-along lines_gap-1800_IMO-38_0001.ascii.csv	6418139,078	2270823,297	2200	5	38	-207177,9219	32689,26924	0,510627807	30041,29688	12109,81365	0,262886624	182,6
08_FEL beam on the edge_Gr+InSb-up_InSb-down-along lines_gap-2000_IMO-38_0001.ascii.csv	5898198,078	2276427,297	2400	5	38	-207177,9219	29952,73766	0,46788139	30041,29688	12139,30839	0,263526912	199,2
09_FEL beam on the edge_Gr+InSb-up_InSb-down-along lines_gap-2200_IMO-38_0001.ascii.csv	5972783,078	2530792,297	2600	5	38	-207177,9219	30345,2903	0,47401332	30041,29688	13478,07155	0,292589533	215,8
10_FEL beam on the edge_Gr+InSb-up_InSb-down-along lines_gap-2400_IMO-38_0001.ascii.csv	5540711,078	2666014,297	2800	5	38	-207177,9219	28071,22714	0,438490963	30041,29688	14189,76628	0,308039402	232,4
11_FEL beam on the edge_Gr+InSb-up_InSb-down-along lines_gap-2600_IMO-38_0001.ascii.csv	5097231,078	2666434,297	3000	5	38	-207177,9219	25737,12188	0,402030709	30041,29688	14191,97681	0,308087389	249
12_FEL beam on the edge_Gr+InSb-up_InSb-down-along lines_gap-2800_IMO-38_0001.ascii.csv	4394862,078	2797761,297	3200	5	38	-207177,9219	22040,44293	0,344286162	30041,29688	14883,17155	0,323092232	265,6
13_FEL beam on the edge_Gr+InSb-up_InSb-down-along lines_gap-3000_IMO-38_0001.ascii.csv	4062127,078	2862620,297	3400	5	38	-207177,9219	20289,20609	0,316930695	30041,29688	15224,5347	0,330502735	282,2
14_FEL beam on the edge_Gr+InSb-up_InSb-down-along lines_gap-3200_IMO-38_0001.ascii.csv	3699146,078	2951142,297	3600	5	38	-207177,9219	18378,77977	0,287088584	30041,29688	15690,43997	0,340616867	298,8
15_FEL beam on the edge_Gr+InSb-up_InSb-down-along lines_gap-3400_IMO-38_0001.ascii.csv	3372485,078	3299034,297	3800	5	38	-207177,9219	16659,51135	0,260232484	30041,29688	17521,45049	0,38036547	315,4
16_FEL beam on the edge_Gr+InSb-up_InSb-down-along lines_gap-3600_IMO-38_0001.ascii.csv	2928536,078	3346823,297	4000	5	38	-207177,9219	14322,93766	0,223733672	30041,29688	17772,97155	0,38582563	332
17_FEL beam on the edge_Gr+InSb-up_InSb-down-along lines_gap-3800_IMO-38_0001.ascii.csv	2704092,078	3595624,297	4100	5	38	-207177,9219	13141,65345	0,205281239	30041,29688	19082,45049	0,414252533	340,3
18_FEL beam on the edge_Gr+InSb-up_InSb-down-along lines_gap-4000_IMO-38_0001.ascii.csv	2395860,078	3700751,297	4200	5	38	-207177,9219	11519,37977	0,179940261	30041,29688	19635,75049	0,42626388	348,6
19_FEL beam on the edge_Gr+InSb-up_InSb-down-along lines_gap-4200_IMO-38_0001.ascii.csv	2206046,078	3642261,297	4300	5	38	-207177,9219	10520,35872	0,164334897	30041,29688	19327,90839	0,419581071	356,9
20_FEL beam on the edge_Gr+InSb-up_InSb-down-along lines_gap-4400_IMO-38_0001.ascii.csv	1908571,078	3746919,297	4400	5	38	-207177,9219	8954,700822	0,139878295	30041,29688	19878,73997	0,431538832	365,2
21_FEL beam on the edge_Gr+InSb-up_InSb-down-along lines_gap-4600_IMO-38_0001.ascii.csv	1905177,078	3836173,297	4500	5	38	-207177,9219	8936,837664	0,139599261	30041,29688	20348,49786	0,441736599	373,5
22_FEL beam on the edge_Gr+InSb-up_InSb-down-along lines_gap-4800_IMO-38_0001.ascii.csv	1968193,078	4029571,297	4600	5	38	-207177,9219	9268,500822	0,144780057	30041,29688	21366,38207	0,463833401	381,8
23_FEL beam on the edge_Gr+InSb-up_InSb-down-along lines_gap-5000_IMO-38_0001.ascii.csv	2353377,078	4508485,297	4700	5	38	-207177,9219	11295,78503	0,176447564	30041,29688	23886,98207	0,518551998	390,1
24_FEL beam on the edge_Gr+InSb-up_InSb-down-along lines_gap-5200_IMO-38_0001.ascii.csv	2583216,078	4682186,297	4800	5	38	-207177,9219	12505,46398	0,195343542	30041,29688	24801,19786	0,538398307	398,4
25_FEL beam on the edge_Gr+InSb-up_InSb-down-along lines_gap-5400_IMO-38_0001.ascii.csv	2676413,078	4871685,297	4900	5	38	-207177,9219	12995,97451	0,203005638	30041,29688	25798,56102	0,560049626	406,7
26_FEL beam on the edge_Gr+InSb-up_InSb-down-along lines_gap-5600_IMO-38_0001.ascii.csv	3414580,078	5297872,297	5000	5	38	-207177,9219	16881,06398	0,263693282	30041,29688	28041,65049	0,60874387	415
27_FEL beam on the edge_Gr+InSb-up_InSb-down-along lines_gap-5800_IMO-38_0001.ascii.csv	3744606,078	5571444,297	5100	5	38	-207177,9219	18618,04293	0,290826031	30041,29688	29481,50313	0,640000998	423,3
28_FEL beam on the edge_Gr+InSb-up_InSb-down-along lines_gap-6000_IMO-38_0001.ascii.csv	4341516,078	5790095,297	5200	5	38	-207177,9219	21759,67451	0,339900375	30041,29688	30632,29786	0,664983095	431,6
29_FEL beam on the edge_Gr+InSb-up_InSb-down-along lines_gap-6200_IMO-38_0001.ascii.csv	4430524,078	5565191,297	5300	5	38	-207177,9219	22228,13766	0,347218077	30041,29688	29448,5926	0,639286558	439,9
31_FEL beam on the edge_Gr+InSb-up_InSb-down-along lines_gap-6600_IMO-38_0001.ascii.csv	5659705,078	5935600,297	5400	5	38	-207177,9219	28697,51135	0,448273933	30041,29688	31398,11365	0,681607854	448,2
33_FEL beam on the edge_Gr+InSb-up_InSb-down-along lines_gap-7000_IMO-38_0001.ascii.csv	6581986,078	6396091,297	5500	5	38	-207177,9219	33551,62188	0,52409832	30041,29688	33821,75049	0,734221521	456,5
34_FEL beam on the edge_Gr+InSb-up_InSb-down-along lines_gap-7500_IMO-38_0001.ascii.csv	8121846,078	6924858,297	5600	5	38	-207177,9219	41656,14819	0,650696332	30041,29688	36604,7347	0,794636102	464,8
35_FEL beam on the edge_Gr+InSb-up_InSb-down-along lines_gap-8000_IMO-38_0001.ascii.csv	8859600,078	7127889,297	5700	5	38	-207177,9219	45539,06398	0,711350021	30041,29688	37673,31891	0,817833528	473,1
36_FEL beam on the edge_Gr+InSb-up_InSb-down-along lines_gap-8500_IMO-38_0001.ascii.csv	10155764,08	7560656,297	5800	5	38	-207177,9219	52360,97977	0,817912816	30041,29688	39951,03997	0,867279573	481,4
37_FEL beam on the edge_Gr+InSb-up_InSb-down-along lines_gap-9000_IMO-38_0001.ascii.csv	11366908,08	8112751,297	5900	5	38	-207177,9219	58735,42188	0,917485779	30041,29688	42856,80313	0,930359509	489,7
38_FEL beam on the edge_Gr+InSb-up_InSb-down-along lines_gap-9500_IMO-38_0001.ascii.csv	11825335,08	8591897,297	6000	5	38	-207177,9219	61148,19556	0,955174885	30041,29688	45378,62418	0,985104614	498
39_FEL beam on the edge_Gr+InSb-up_InSb-down-along lines_gap-1000_IMO-38_0001.ascii.csv	12101472,08	8710540,297	6100	5	38	-207177,9219	62601,54819	0,977877206	30041,29688	46003,06102	0,998660239	506,3
40_FEL beam on the edge_Gr+InSb-up_InSb-down-along lines_gap-10500_IMO-38_0001.ascii.csv	12295136,08	8707357,297	6200	5	38	-207177,9219	63620,8324	0,993799093	30041,29688	45986,30839	0,998296564	514,6
41_FEL beam on the edge_Gr+InSb-up_InSb-down-along lines_gap-11000_IMO-38_0001.ascii.csv	12370560,08	8722266,297	6300	5	38	-207177,9219	64017,80082	1	30041,29688	46064,77681	1	522,9
