Filename	Aperture_In	Aperture_Gr	Steps	Sum	IMO	Noise_In	Signal_In	Norm_In	Noise_gr	Signal_gr	Norm_gr	Gap
43_FEL beam on the edge_Gr+InSb-up_InSb-down-transvers lines_gap-0_IMO-38_0001.ascii.csv	12080613,33	3591650,188	0	5	38	-151766,6719	62783,40345	0,581181731	51311,1875	19173,48092	0,183727052	0
44_FEL beam on the edge_Gr+InSb-up_InSb-down-transvers lines_gap-500_IMO-38_0001.ascii.csv	11733758,33	3475506,188	500	5	38	-151766,6719	60957,85082	0,564282713	51311,1875	18562,19671	0,177869512	41,5
45_FEL beam on the edge_Gr+InSb-up_InSb-down-transvers lines_gap-1000_IMO-38_0001.ascii.csv	12101317,33	3567780,188	1000	5	38	-151766,6719	62892,37188	0,582190444	51311,1875	19047,84934	0,182523206	83
46_FEL beam on the edge_Gr+InSb-up_InSb-down-transvers lines_gap-1500_IMO-38_0001.ascii.csv	11077715,33	3391337,188	1500	5	38	-151766,6719	57504,99293	0,532319841	51311,1875	18119,20197	0,17362458	124,5
48_FEL beam on the edge_Gr+InSb-up_InSb-down-transvers lines_gap-2200_IMO-38_0001.ascii.csv	10295561,33	3479078,188	2200	5	38	-151766,6719	53388,39293	0,494212752	51311,1875	18580,99671	0,17804966	182,6
49_FEL beam on the edge_Gr+InSb-up_InSb-down-transvers lines_gap-2400_IMO-38_0001.ascii.csv	10132697,33	3690633,188	2400	5	38	-151766,6719	52531,21398	0,486277905	51311,1875	19694,44408	0,188719105	199,2
50_FEL beam on the edge_Gr+InSb-up_InSb-down-transvers lines_gap-2600_IMO-38_0001.ascii.csv	9425223,328	3615084,188	2600	5	38	-151766,6719	48807,66661	0,451809278	51311,1875	19296,81776	0,184908909	215,8
51_FEL beam on the edge_Gr+InSb-up_InSb-down-transvers lines_gap-2800_IMO-38_0001.ascii.csv	9201915,328	3870417,188	2800	5	38	-151766,6719	47632,36135	0,440929556	51311,1875	20640,67566	0,197786229	232,4
52_FEL beam on the edge_Gr+InSb-up_InSb-down-transvers lines_gap-3000_IMO-38_0001.ascii.csv	8926586,328	3977943,188	3000	5	38	-151766,6719	46183,26135	0,427515335	51311,1875	21206,60197	0,203209135	249
53_FEL beam on the edge_Gr+InSb-up_InSb-down-transvers lines_gap-3200_IMO-38_0001.ascii.csv	8354718,328	4041617,188	3200	5	38	-151766,6719	43173,42977	0,399653527	51311,1875	21541,72829	0,206420433	265,6
54_FEL beam on the edge_Gr+InSb-up_InSb-down-transvers lines_gap-3400_IMO-38_0001.ascii.csv	7552561,328	4109138,188	3400	5	38	-151766,6719	38951,55082	0,360571879	51311,1875	21897,10197	0,209825749	282,2
55_FEL beam on the edge_Gr+InSb-up_InSb-down-transvers lines_gap-3600_IMO-38_0001.ascii.csv	6924269,328	4380000,188	3600	5	38	-151766,6719	35644,75082	0,329961054	51311,1875	23322,69145	0,22348625	298,8
56_FEL beam on the edge_Gr+InSb-up_InSb-down-transvers lines_gap-3800_IMO-38_0001.ascii.csv	6246291,328	4547123,188	3800	5	38	-151766,6719	32076,44556	0,296929493	51311,1875	24202,28618	0,231914837	315,4
57_FEL beam on the edge_Gr+InSb-up_InSb-down-transvers lines_gap-4000_IMO-38_0001.ascii.csv	5745942,328	4895758,188	4000	5	38	-151766,6719	29443,02977	0,272552141	51311,1875	26037,20724	0,249497697	332
58_FEL beam on the edge_Gr+InSb-up_InSb-down-transvers lines_gap-4200_IMO-38_0001.ascii.csv	5207707,328	5222331,188	4200	5	38	-151766,6719	26610,21398	0,246328956	51311,1875	27756,0125	0,265967895	348,6
59_FEL beam on the edge_Gr+InSb-up_InSb-down-transvers lines_gap-4400_IMO-38_0001.ascii.csv	4242360,328	5237273,188	4400	5	38	-151766,6719	21529,4403	0,199296577	51311,1875	27834,65461	0,266721471	365,2
61_FEL beam on the edge_Gr+InSb-up_InSb-down-transvers lines_gap-4800_IMO-38_0001.ascii.csv	2867785,328	5937532,188	4800	5	38	-151766,6719	14294,83503	0,132326324	51311,1875	31520,22829	0,302037938	398,4
62_FEL beam on the edge_Gr+InSb-up_InSb-down-transvers lines_gap-5000_IMO-38_0001.ascii.csv	2184527,328	6037757,188	5000	5	38	-151766,6719	10698,7403	0,099037517	51311,1875	32047,72829	0,307092628	415
63_FEL beam on the edge_Gr+InSb-up_InSb-down-transvers lines_gap-5200_IMO-38_0001.ascii.csv	1688303,328	6737265,188	5200	5	38	-151766,6719	8087,035033	0,074861138	51311,1875	35729,34934	0,342371219	431,6
64_FEL beam on the edge_Gr+InSb-up_InSb-down-transvers lines_gap-5400_IMO-38_0001.ascii.csv	1105193,328	6797955,188	5400	5	38	-151766,6719	5018,035033	0,046451612	51311,1875	36048,77039	0,345432024	448,2
65_FEL beam on the edge_Gr+InSb-up_InSb-down-transvers lines_gap-5600_IMO-38_0001.ascii.csv	658785,3281	7682286,188	5600	5	38	-151766,6719	2668,519243	0,024702303	51311,1875	40703,14408	0,390031873	464,8
66_FEL beam on the edge_Gr+InSb-up_InSb-down-transvers lines_gap-5800_IMO-38_0001.ascii.csv	437380,3281	8441330,188	5800	5	38	-151766,6719	1503,22977	0,013915297	51311,1875	44698,1125	0,428313069	481,4
67_FEL beam on the edge_Gr+InSb-up_InSb-down-transvers lines_gap-6000_IMO-38_0001.ascii.csv	441889,3281	8077127,188	6000	5	38	-151766,6719	1526,961349	0,014134978	51311,1875	42781,25461	0,409945061	498
68_FEL beam on the edge_Gr+InSb-up_InSb-down-transvers lines_gap-6200_IMO-38_0001.ascii.csv	826242,3281	9158281,188	6200	5	38	-151766,6719	3549,871875	0,032860925	51311,1875	48471,53882	0,46447137	514,6
69_FEL beam on the edge_Gr+InSb-up_InSb-down-transvers lines_gap-6400_IMO-38_0001.ascii.csv	1031949,328	9618366,188	6400	5	38	-151766,6719	4632,540296	0,042883113	51311,1875	50893,03882	0,487675036	531,2
70_FEL beam on the edge_Gr+InSb-up_InSb-down-transvers lines_gap-6600_IMO-38_0001.ascii.csv	1894166,328	10646563,19	6600	5	38	-151766,6719	9170,524507	0,084890927	51311,1875	56304,60197	0,539530542	547,8
71_FEL beam on the edge_Gr+InSb-up_InSb-down-transvers lines_gap-6800_IMO-38_0001.ascii.csv	3042632,328	11403746,19	6800	5	38	-151766,6719	15215,0824	0,140844992	51311,1875	60289,77566	0,577717881	564,4
72_FEL beam on the edge_Gr+InSb-up_InSb-down-transvers lines_gap-7000_IMO-38_0001.ascii.csv	4789329,328	12254696,19	7000	5	38	-151766,6719	24408,22451	0,225945288	51311,1875	64768,45987	0,620634212	581
73_FEL beam on the edge_Gr+InSb-up_InSb-down-transvers lines_gap-7200_IMO-38_0001.ascii.csv	6731490,328	12938711,19	7200	5	38	-151766,6719	34630,12451	0,320568727	51311,1875	68368,53882	0,655131437	597,6
74_FEL beam on the edge_Gr+InSb-up_InSb-down-transvers lines_gap-7400_IMO-38_0001.ascii.csv	9047555,328	14250462,19	7400	5	38	-151766,6719	46819,9403	0,433409029	51311,1875	75272,49145	0,721287545	614,2
75_FEL beam on the edge_Gr+InSb-up_InSb-down-transvers lines_gap-7600_IMO-38_0001.ascii.csv	11362167,33	15155733,19	7600	5	38	-151766,6719	59002,10872	0,546178541	51311,1875	80037,07566	0,76694347	630,8
76_FEL beam on the edge_Gr+InSb-up_InSb-down-transvers lines_gap-7800_IMO-38_0001.ascii.csv	12759493,33	15645180,19	7800	5	38	-151766,6719	66356,45609	0,614257238	51311,1875	82613,1125	0,791627963	647,4
77_FEL beam on the edge_Gr+InSb-up_InSb-down-transvers lines_gap-8000_IMO-38_0001.ascii.csv	14127565,33	16075606,19	8000	5	38	-151766,6719	73556,83503	0,68091066	51311,1875	84878,5125	0,813335824	664
78_FEL beam on the edge_Gr+InSb-up_InSb-down-transvers lines_gap-8500_IMO-38_0001.ascii.csv	16235401,33	16828242,19	8500	5	38	-151766,6719	84650,70872	0,783605901	51311,1875	88839,75461	0,851293842	705,5
79_FEL beam on the edge_Gr+InSb-up_InSb-down-transvers lines_gap-9000_IMO-38_0001.ascii.csv	18220034,33	18332021,19	9000	5	38	-151766,6719	95096,14556	0,880298605	51311,1875	96754,38092	0,927134581	747
80_FEL beam on the edge_Gr+InSb-up_InSb-down-transvers lines_gap-9500_IMO-38_0001.ascii.csv	18592521,33	17909123,19	9500	5	38	-151766,6719	97056,60345	0,898446432	51311,1875	94528,60197	0,905806383	788,5
81_FEL beam on the edge_Gr+InSb-up_InSb-down-transvers lines_gap-10000_IMO-38_0001.ascii.csv	19588373,33	18820822,19	10000	5	38	-151766,6719	102297,9298	0,946965036	51311,1875	99327,01776	0,951786494	830
82_FEL beam on the edge_Gr+InSb-up_InSb-down-transvers lines_gap-11000_IMO-38_0001.ascii.csv	20896852,33	19553622,19	11000	5	38	-151766,6719	109184,6613	1,010715046	51311,1875	103183,8599	0,988744115	913
83_FEL beam on the edge_Gr+InSb-up_InSb-down-transvers lines_gap-12000_IMO-38_0001.ascii.csv	20676924,33	19776805,19	12000	5	38	-151766,6719	108027,1456	1	51311,1875	104358,5072	1	996
