Filename	Aperture_In	Aperture_Gr	Steps	Sum	IMO	Noise_In	Signal_In	Norm_In	Noise_gr	Signal_gr	Norm_gr	Gap
60_FEL beam on the edge_InSb-up_InSb+Gr-down-transverse lines_IMO-46_gap-0 steps_sum-10_0001.ascii.csv	67418653,03	16675830,09	0	10	46	-147426,0625	146241,7978	0,665269647	132118,2344	36539,0181	0,335258764	0
61_FEL beam on the edge_InSb-up_InSb+Gr-down-transverse lines_IMO-46_gap-200 steps_sum-10_0001.ascii.csv	67527506,63	16215913,09	200	10	46	-147426,0625	146478,436	0,66634614	132118,2344	35539,19853	0,326085056	16,6
62_FEL beam on the edge_InSb-up_InSb+Gr-down-transverse lines_IMO-46_gap-400 steps_sum-10_0001.ascii.csv	67656040,59	15426423,09	400	10	46	-147426,0625	146757,8577	0,667617259	132118,2344	33822,91592	0,31033754	33,2
63_FEL beam on the edge_InSb-up_InSb+Gr-down-transverse lines_IMO-46_gap-600 steps_sum-10_0001.ascii.csv	67558305,66	14924553,09	600	10	46	-147426,0625	146545,3904	0,666650723	132118,2344	32731,89418	0,300327019	49,8
64_FEL beam on the edge_InSb-up_InSb+Gr-down-transverse lines_IMO-46_gap-800 steps_sum-10_0001.ascii.csv	66950813	14153833,09	800	10	46	-147426,0625	145224,7542	0,660643007	132118,2344	31056,41592	0,284953897	66,4
65_FEL beam on the edge_InSb-up_InSb+Gr-down-transverse lines_IMO-46_gap-1000 steps_sum-10_0001.ascii.csv	66034109,47	13470845,09	1000	10	46	-147426,0625	143231,9205	0,651577392	132118,2344	29571,6594	0,271330717	83
66_FEL beam on the edge_InSb-up_InSb+Gr-down-transverse lines_IMO-46_gap-1100 steps_sum-10_0001.ascii.csv	65362275,53	12784714,09	1100	10	46	-147426,0625	141771,4119	0,644933381	132118,2344	28080,07027	0,257644845	91,3
67_FEL beam on the edge_InSb-up_InSb+Gr-down-transverse lines_IMO-46_gap-1200 steps_sum-10_0001.ascii.csv	66425346,13	12809388,09	1200	10	46	-147426,0625	144082,4349	0,655446474	132118,2344	28133,7094	0,258137003	99,6
68_FEL beam on the edge_InSb-up_InSb+Gr-down-transverse lines_IMO-46_gap-1300 steps_sum-10_0001.ascii.csv	65139359,13	12042028,09	1300	10	46	-147426,0625	141286,811	0,64272888	132118,2344	26465,53549	0,242830902	107,9
69_FEL beam on the edge_InSb-up_InSb+Gr-down-transverse lines_IMO-46_gap-1400 steps_sum-10_0001.ascii.csv	61757788,22	10402343,09	1400	10	46	-147426,0625	133935,5699	0,609287295	132118,2344	22901,00288	0,21012502	116,2
70_FEL beam on the edge_InSb-up_InSb+Gr-down-transverse lines_IMO-46_gap-1500 steps_sum-10_0001.ascii.csv	59380730,22	9091596,094	1500	10	46	-147426,0625	128768,0525	0,585779703	132118,2344	20051,55289	0,183980281	124,5
71_FEL beam on the edge_InSb-up_InSb+Gr-down-transverse lines_IMO-46_gap-1600 steps_sum-10_0001.ascii.csv	54851626,22	7530802,094	1600	10	46	-147426,0625	118922,1743	0,540989745	132118,2344	16658,52245	0,152847995	132,8
72_FEL beam on the edge_InSb-up_InSb+Gr-down-transverse lines_IMO-46_gap-1700 steps_sum-10_0001.ascii.csv	51172966,22	6496759,094	1700	10	46	-147426,0625	110925,0873	0,504610137	132118,2344	14410,60289	0,132222516	141,1
73_FEL beam on the edge_InSb-up_InSb+Gr-down-transverse lines_IMO-46_gap-1800 steps_sum-10_0001.ascii.csv	46443911,22	5289154,094	1800	10	46	-147426,0625	100644,533	0,457842791	132118,2344	11785,37463	0,108135093	149,4
74_FEL beam on the edge_InSb-up_InSb+Gr-down-transverse lines_IMO-46_gap-1900 steps_sum-10_0001.ascii.csv	42176656,22	4806911,094	1900	10	46	-147426,0625	91367,89165	0,415642354	132118,2344	10737,02028	0,098516061	157,7
75_FEL beam on the edge_InSb-up_InSb+Gr-down-transverse lines_IMO-46_gap-2000 steps_sum-10_0001.ascii.csv	39089943,88	4742965,469	2000	10	46	-147426,0625	84657,64743	0,385116732	132118,2344	10598,00805	0,097240574	166
76_FEL beam on the edge_InSb-up_InSb+Gr-down-transverse lines_IMO-46_gap-2100 steps_sum-10_0001.ascii.csv	33787666,88	4676121,469	2100	10	46	-147426,0625	73130,9583	0,332680585	132118,2344	10452,69501	0,095907274	174,3
77_FEL beam on the edge_InSb-up_InSb+Gr-down-transverse lines_IMO-46_gap-2200 steps_sum-10_0001.ascii.csv	29458197,88	5101166,469	2200	10	46	-147426,0625	63719,06917	0,28986489	132118,2344	11376,70588	0,104385409	182,6
78_FEL beam on the edge_InSb-up_InSb+Gr-down-transverse lines_IMO-46_gap-2300 steps_sum-10_0001.ascii.csv	24449482,88	5700212,469	2300	10	46	-147426,0625	52830,5583	0,240331885	132118,2344	12678,97979	0,116334245	190,9
79_FEL beam on the edge_InSb-up_InSb+Gr-down-transverse lines_IMO-46_gap-2400 steps_sum-10_0001.ascii.csv	19978217,88	6458578,469	2400	10	46	-147426,0625	43110,41699	0,196113918	132118,2344	14327,60153	0,131460948	199,2
80_FEL beam on the edge_InSb-up_InSb+Gr-down-transverse lines_IMO-46_gap-2500 steps_sum-10_0001.ascii.csv	15729586,88	7478462,469	2500	10	46	-147426,0625	33874,26265	0,154097659	132118,2344	16544,74066	0,151804005	207,5
81_FEL beam on the edge_InSb-up_InSb+Gr-down-transverse lines_IMO-46_gap-2600 steps_sum-10_0001.ascii.csv	12419397,88	9419863,469	2600	10	46	-147426,0625	26678,1996	0,121361996	132118,2344	20765,17762	0,190528047	215,8
82_FEL beam on the edge_InSb-up_InSb+Gr-down-transverse lines_IMO-46_gap-2700 steps_sum-10_0001.ascii.csv	9739782,875	10808320,47	2700	10	46	-147426,0625	20852,94959	0,094862308	132118,2344	23783,5624	0,218222824	224,1
83_FEL beam on the edge_InSb-up_InSb+Gr-down-transverse lines_IMO-46_gap-2800 steps_sum-10_0001.ascii.csv	7728126,875	13029164,47	2800	10	46	-147426,0625	16479,78438	0,074968309	132118,2344	28611,48414	0,26252076	232,4
84_FEL beam on the edge_InSb-up_InSb+Gr-down-transverse lines_IMO-46_gap-2900 steps_sum-10_0001.ascii.csv	6615169,875	15029857,47	2900	10	46	-147426,0625	14060,31264	0,063961873	132118,2344	32960,81675	0,302427467	240,7
85_FEL beam on the edge_InSb-up_InSb+Gr-down-transverse lines_IMO-46_gap-3000 steps_sum-10_0001.ascii.csv	6649910,875	16863428,47	3000	10	46	-147426,0625	14135,83655	0,064305439	132118,2344	36946,84066	0,339000684	249
86_FEL beam on the edge_InSb-up_InSb+Gr-down-transverse lines_IMO-46_gap-3100 steps_sum-10_0001.ascii.csv	8014089,875	19157735,47	3100	10	46	-147426,0625	17101,44307	0,077796302	132118,2344	41934,46457	0,384763945	257,3
87_FEL beam on the edge_InSb-up_InSb+Gr-down-transverse lines_IMO-46_gap-3200 steps_sum-10_0001.ascii.csv	9823195,875	21227516,47	3200	10	46	-147426,0625	21034,2822	0,095687209	132118,2344	46433,98849	0,426048711	265,6
88_FEL beam on the edge_InSb-up_InSb+Gr-down-transverse lines_IMO-46_gap-3300 steps_sum-10_0001.ascii.csv	13032171,88	23490586,47	3300	10	46	-147426,0625	28010,31699	0,127421941	132118,2344	51353,70588	0,471188905	273,9
90_FEL beam on the edge_InSb-up_InSb+Gr-down-transverse lines_IMO-46_gap-3500 steps_sum-10_0001.ascii.csv	21405797,88	27758877,47	3500	10	46	-147426,0625	46213,85178	0,210231776	132118,2344	60632,59936	0,556326124	290,5
91_FEL beam on the edge_InSb-up_InSb+Gr-down-transverse lines_IMO-46_gap-3600 steps_sum-10_0001.ascii.csv	26629474,88	30026444,47	3600	10	46	-147426,0625	57569,67134	0,261890619	132118,2344	65562,09284	0,601556017	298,8
92_FEL beam on the edge_InSb-up_InSb+Gr-down-transverse lines_IMO-46_gap-3700 steps_sum-10_0001.ascii.csv	30935757,88	31279258,47	3700	10	46	-147426,0625	66931,15613	0,304477019	132118,2344	68285,60153	0,626545198	307,1
93_FEL beam on the edge_InSb-up_InSb+Gr-down-transverse lines_IMO-46_gap-3800 steps_sum-10_0001.ascii.csv	36450067,88	33482847,47	3800	10	46	-147426,0625	78918,78656	0,359010037	132118,2344	73076,0124	0,670498958	315,4
94_FEL beam on the edge_InSb-up_InSb+Gr-down-transverse lines_IMO-46_gap-3900 steps_sum-10_0001.ascii.csv	41876333,88	34596888,47	3900	10	46	-147426,0625	90715,01699	0,412672357	132118,2344	75497,84066	0,692720112	323,7
95_FEL beam on the edge_InSb-up_InSb+Gr-down-transverse lines_IMO-46_gap-4000 steps_sum-10_0001.ascii.csv	45993993,88	36161547,47	4000	10	46	-147426,0625	99666,45178	0,453393395	132118,2344	78899,27327	0,723929492	332
96_FEL beam on the edge_InSb-up_InSb+Gr-down-transverse lines_IMO-46_gap-4200 steps_sum-10_0001.ascii.csv	56618294,19	38794982,69	4200	10	46	-147426,0625	122762,7568	0,558460968	132118,2344	84624,13244	0,776457154	348,6
97_FEL beam on the edge_InSb-up_InSb+Gr-down-transverse lines_IMO-46_gap-4400 steps_sum-5_0001.ascii.csv	32512133,94	20226851,23	4400	5	46	-147426,0625	140716,1212	0,640132751	132118,2344	88517,25854	0,812178001	365,2
98_FEL beam on the edge_InSb-up_InSb+Gr-down-transverse lines_IMO-46_gap-4600 steps_sum-5_0001.ascii.csv	36282492,94	21329654,23	4600	5	46	-147426,0625	157108,9864	0,714705656	132118,2344	93312,05419	0,856171992	381,8
99_FEL beam on the edge_InSb-up_InSb+Gr-down-transverse lines_IMO-46_gap-4800 steps_sum-5_0001.ascii.csv	38570003,94	21637773,23	4800	5	46	-147426,0625	167054,6864	0,759949713	132118,2344	94651,70202	0,868463748	398,4
100_FEL beam on the edge_InSb-up_InSb+Gr-down-transverse lines_IMO-46_gap-5000 steps_sum-5_0001.ascii.csv	41836748,94	22850935,23	5000	5	46	-147426,0625	181257,9256	0,824561774	132118,2344	99926,31941	0,916860278	415
101_FEL beam on the edge_InSb-up_InSb+Gr-down-transverse lines_IMO-46_gap-5500 steps_sum-5_0001.ascii.csv	45724933,94	23731193,23	5500	5	46	-147426,0625	198163,0777	0,901465127	132118,2344	103753,5281	0,951976308	456,5
102_FEL beam on the edge_InSb-up_InSb+Gr-down-transverse lines_IMO-46_gap-6000 steps_sum-5_0001.ascii.csv	48035153,94	24278211,23	6000	5	46	-147426,0625	208207,5125	0,94715834	132118,2344	106131,8672	0,973798434	498
103_FEL beam on the edge_InSb-up_InSb+Gr-down-transverse lines_IMO-46_gap-6500 steps_sum-5_0001.ascii.csv	49251873,94	24323079,23	6500	5	46	-147426,0625	213497,5995	0,971223513	132118,2344	106326,9455	0,975588348	539,5
104_FEL beam on the edge_InSb-up_InSb+Gr-down-transverse lines_IMO-46_gap-7000 steps_sum-5_0001.ascii.csv	49350178,94	24256330,23	7000	5	46	-147426,0625	213925,0125	0,973167861	132118,2344	106036,7325	0,972925538	581
105_FEL beam on the edge_InSb-up_InSb+Gr-down-transverse lines_IMO-46_gap-8000 steps_sum-5_0001.ascii.csv	50226689,94	24533718,23	8000	5	46	-147426,0625	217735,9299	0,990504134	132118,2344	107242,7672	0,983991345	664
106_FEL beam on the edge_InSb-up_InSb+Gr-down-transverse lines_IMO-46_gap-9000 steps_sum-5_0001.ascii.csv	50706794,94	24935009,23	9000	5	46	-147426,0625	219823,3429	1	132118,2344	108987,5107	1	747
