Filename	Aperture_In	Aperture_Gr	Steps	Sum	IMO	Noise_In	Signal_In	Norm_In	Noise_gr	Signal_gr	Norm_gr	Gap
02_FEL beam_InSb-up_InSb+Gr-down-along lines_gap-0 steps_0001.ascii.csv	28872340,41	12858026,41	0	10	48	-264961,2969	59598,70649	0,513157272	-30718,29688	26723,55857	0,279476586	0
03_FEL beam_InSb-up_InSb+Gr-down-along lines_gap-200 steps_0001.ascii.csv	28170223,41	12616184,41	200	10	48	-264961,2969	58135,96274	0,500562744	-30718,29688	26219,72107	0,274207423	16,6
04_FEL beam_InSb-up_InSb+Gr-down-along lines_gap-400 steps_0001.ascii.csv	27544592,41	12331588,41	400	10	48	-264961,2969	56832,56482	0,489340216	-30718,29688	25626,81274	0,268006752	33,2
05_FEL beam_InSb-up_InSb+Gr-down-along lines_gap-600 steps_0001.ascii.csv	26452069,41	10423762,41	600	10	48	-264961,2969	54556,47524	0,469742611	-30718,29688	21652,17524	0,226439753	49,8
06_FEL beam_InSb-up_InSb+Gr-down-along lines_gap-800 steps_0001.ascii.csv	25152437,41	9152825,406	800	10	48	-264961,2969	51848,90857	0,446429898	-30718,29688	19004,38981	0,198749054	66,4
07_FEL beam_InSb-up_InSb+Gr-down-along lines_gap-900 steps_0001.ascii.csv	24693772,41	8860316,406	900	10	48	-264961,2969	50893,35649	0,438202396	-30718,29688	18394,99606	0,192375977	74,7
08_FEL beam_InSb-up_InSb+Gr-down-along lines_gap-1000 steps_0001.ascii.csv	23586938,41	8100755,406	1000	10	48	-264961,2969	48587,45232	0,418348081	-30718,29688	16812,57731	0,175826946	83
09_FEL beam_InSb-up_InSb+Gr-down-along lines_gap-1100 steps_0001.ascii.csv	22633742,41	7327730,406	1100	10	48	-264961,2969	46601,62732	0,401249714	-30718,29688	15202,10856	0,158984567	91,3
10_FEL beam_InSb-up_InSb+Gr-down-along lines_gap-1200 steps_0001.ascii.csv	21766914,41	6862224,406	1200	10	48	-264961,2969	44795,73565	0,385700611	-30718,29688	14232,30439	0,148842297	99,6
11_FEL beam_InSb-up_InSb+Gr-down-along lines_gap-1300 steps_0001.ascii.csv	21064320,41	6247969,406	1300	10	48	-264961,2969	43331,99815	0,373097526	-30718,29688	12952,60648	0,135459139	107,9
12_FEL beam_InSb-up_InSb+Gr-down-along lines_gap-1400 steps_0001.ascii.csv	20302478,41	5701403,406	1400	10	48	-264961,2969	41744,82732	0,359431655	-30718,29688	11813,92731	0,123550764	116,2
13_FEL beam_InSb-up_InSb+Gr-down-along lines_gap-1500 steps_0001.ascii.csv	19412356,41	5001343,406	1500	10	48	-264961,2969	39890,40649	0,343464705	-30718,29688	10355,46898	0,108298118	124,5
14_FEL beam_InSb-up_InSb+Gr-down-along lines_gap-1600 steps_0001.ascii.csv	18366583,41	4235864,406	1600	10	48	-264961,2969	37711,71274	0,324705699	-30718,29688	8760,721061	0,091620149	132,8
15_FEL beam_InSb-up_InSb+Gr-down-along lines_gap-1700 steps_0001.ascii.csv	18179864,41	4406789,406	1700	10	48	-264961,2969	37322,71482	0,321356346	-30718,29688	9116,814811	0,095344199	141,1
16_FEL beam_InSb-up_InSb+Gr-down-along lines_gap-1800 steps_0001.ascii.csv	17165658,41	3961281,406	1800	10	48	-264961,2969	35209,78565	0,303163586	-30718,29688	8188,673144	0,085637637	149,4
17_FEL beam_InSb-up_InSb+Gr-down-along lines_gap-1900 steps_0001.ascii.csv	16383906,41	3750212,406	1900	10	48	-264961,2969	33581,13565	0,28914057	-30718,29688	7748,946061	0,081038945	157,7
18_FEL beam_InSb-up_InSb+Gr-down-along lines_gap-2000 steps_0001.ascii.csv	15405637,41	3577004,406	2000	10	48	-264961,2969	31543,07524	0,271592445	-30718,29688	7388,096061	0,077265154	166
19_FEL beam_InSb-up_InSb+Gr-down-along lines_gap-2100 steps_0001.ascii.csv	13955615,41	3208630,406	2100	10	48	-264961,2969	28522,19607	0,245582047	-30718,29688	6620,650227	0,069239159	174,3
20_FEL beam_InSb-up_InSb+Gr-down-along lines_gap-2200 steps_0001.ascii.csv	13206400,41	3251403,406	2200	10	48	-264961,2969	26961,33149	0,232142678	-30718,29688	6709,760644	0,070171081	182,6
21_FEL beam_InSb-up_InSb+Gr-down-along lines_gap-2300 steps_0001.ascii.csv	12183303,41	3067560,406	2300	10	48	-264961,2969	24829,8794	0,213790431	-30718,29688	6326,754394	0,066165579	190,9
22_FEL beam_InSb-up_InSb+Gr-down-along lines_gap-2400 steps_0001.ascii.csv	11300000,41	3514121,406	2400	10	48	-264961,2969	22989,66482	0,197945801	-30718,29688	7257,089811	0,075895082	199,2
23_FEL beam_InSb-up_InSb+Gr-down-along lines_gap-2500 steps_0001.ascii.csv	9404270,406	4065183,406	2500	10	48	-264961,2969	19040,22731	0,163940322	-30718,29688	8405,135644	0,087901415	207,5
24_FEL beam_InSb-up_InSb+Gr-down-along lines_gap-2600 steps_0001.ascii.csv	7794165,406	4972799,406	2600	10	48	-264961,2969	15685,84189	0,135058365	-30718,29688	10296,00231	0,107676212	215,8
25_FEL beam_InSb-up_InSb+Gr-down-along lines_gap-2700 steps_0001.ascii.csv	5780861,406	5907105,406	2700	10	48	-264961,2969	11491,45856	0,098943851	-30718,29688	12242,47314	0,128032522	224,1
26_FEL beam_InSb-up_InSb+Gr-down-along lines_gap-2800 steps_0001.ascii.csv	4434485,406	6957440,406	2800	10	48	-264961,2969	8686,508561	0,074792647	-30718,29688	14430,67106	0,150916827	232,4
27_FEL beam_InSb-up_InSb+Gr-down-along lines_gap-2900 steps_0001.ascii.csv	3187311,406	8407942,406	2900	10	48	-264961,2969	6088,229394	0,052420923	-30718,29688	17452,55023	0,182519822	240,7
28_FEL beam_InSb-up_InSb+Gr-down-along lines_gap-3000 steps_0001.ascii.csv	2128413,406	9852571,406	3000	10	48	-264961,2969	3882,191894	0,033426481	-30718,29688	20462,19398	0,213994857	249
29_FEL beam_InSb-up_InSb+Gr-down-along lines_gap-3100 steps_0001.ascii.csv	1667637,406	11848544,41	3100	10	48	-264961,2969	2922,241894	0,025161111	-30718,29688	24620,47107	0,25748237	257,3
30_FEL beam_InSb-up_InSb+Gr-down-along lines_gap-3200 steps_0001.ascii.csv	1571969,406	13452020,41	3200	10	48	-264961,2969	2722,933561	0,023445025	-30718,29688	27961,04607	0,292418304	265,6
31_FEL beam_InSb-up_InSb+Gr-down-along lines_gap-3300 steps_0001.ascii.csv	1900701,406	15345506,41	3300	10	48	-264961,2969	3407,791894	0,029341798	-30718,29688	31905,80857	0,333672868	273,9
32_FEL beam_InSb-up_InSb+Gr-down-along lines_gap-3400 steps_0001.ascii.csv	2917184,406	16347677,41	3400	10	48	-264961,2969	5525,464811	0,047575402	-30718,29688	33993,66482	0,355507795	282,2
33_FEL beam_InSb-up_InSb+Gr-down-along lines_gap-3500 steps_0001.ascii.csv	4178615,406	16420656,41	3500	10	48	-264961,2969	8153,446061	0,070202868	-30718,29688	34145,7044	0,357097834	290,5
34_FEL beam_InSb-up_InSb+Gr-down-along lines_IMO-48_gap-3600 steps_0001.ascii.csv	7276034,406	21612800,41	3600	10	48	-264961,2969	14606,40231	0,125764165	-30718,29688	44962,67107	0,470222323	298,8
36_FEL beam_InSb-up_InSb+Gr-down-along lines_IMO-48_gap-3800 steps_0001.ascii.csv	11521460,41	24944919,41	3800	10	48	-264961,2969	23451,03982	0,201918336	-30718,29688	51904,58565	0,542821284	315,4
37_FEL beam_InSb-up_InSb+Gr-down-along lines_IMO-48_gap-3900 steps_0001.ascii.csv	14328498,41	26313533,41	3900	10	48	-264961,2969	29299,03565	0,252270797	-30718,29688	54755,86482	0,572640133	323,7
38_FEL beam_InSb-up_InSb+Gr-down-along lines_IMO-48_gap-4000 steps_0001.ascii.csv	18028610,41	28357159,41	4000	10	48	-264961,2969	37007,60232	0,318643161	-30718,29688	59013,41899	0,617165891	332
39_FEL beam_InSb-up_InSb+Gr-down-along lines_IMO-48_gap-4100 steps_0001.ascii.csv	20586409,41	29935523,41	4100	10	48	-264961,2969	42336,35024	0,36452479	-30718,29688	62301,67732	0,651554695	340,3
40_FEL beam_InSb-up_InSb+Gr-down-along lines_IMO-48_gap-4200 steps_0001.ascii.csv	23660374,41	30987515,41	4200	10	48	-264961,2969	48740,44399	0,419665371	-30718,29688	64493,32732	0,674475103	348,6
41_FEL beam_InSb-up_InSb+Gr-down-along lines_IMO-48_gap-4300 steps_0001.ascii.csv	26628343,41	32537685,41	4300	10	48	-264961,2969	54923,71274	0,472904602	-30718,29688	67722,84815	0,708249626	356,9
42_FEL beam_InSb-up_InSb+Gr-down-along lines_IMO-48_gap-4400 steps_0001.ascii.csv	29179744,41	33620818,41	4400	10	48	-264961,2969	60239,13149	0,518671464	-30718,29688	69979,37524	0,731848522	365,2
43_FEL beam_InSb-up_InSb+Gr-down-along lines_IMO-48_gap-4500 steps_0001.ascii.csv	28977848,41	32793456,41	4500	10	48	-264961,2969	59818,51482	0,515049867	-30718,29688	68255,7044	0,713822269	373,5
44_FEL beam_InSb-up_InSb+Gr-down-along lines_IMO-48_gap-4600 steps_0001.ascii.csv	33662639,41	35738926,41	4600	10	48	-264961,2969	69578,49607	0,599085338	-30718,29688	74392,10024	0,777997066	381,8
45_FEL beam_InSb-up_InSb+Gr-down-along lines_IMO-48_gap-4700 steps_0001.ascii.csv	36007932,28	36672524,41	4700	10	48	-264961,2969	74464,52288	0,641155046	-30718,29688	76337,09607	0,79833795	390,1
46_FEL beam_InSb-up_InSb+Gr-down-along lines_IMO-48_gap-4800 steps_0001.ascii.csv	37336566,44	37371560,41	4800	10	48	-264961,2969	77232,51071	0,664987998	-30718,29688	77793,42107	0,813568284	398,4
47_FEL beam_InSb-up_InSb+Gr-down-along lines_IMO-48_gap-4900 steps_0001.ascii.csv	39142472,63	37734102,41	4900	10	48	-264961,2969	80994,81528	0,697382223	-30718,29688	78548,7169	0,821467214	406,7
48_FEL beam_InSb-up_InSb+Gr-down-along lines_IMO-48_gap-5000 steps_0001.ascii.csv	40288706,47	38669150,41	5000	10	48	-264961,2969	83382,80244	0,71794329	-30718,29688	80496,73357	0,841839689	415
48_FEL beam_InSb-up_InSb+Gr-down-along lines_IMO-48_gap-5000 steps_sum-10_0001.ascii.csv	40375028,03	38588554,41	5000	10	48	-264961,2969	83562,63903	0,719491721	-30718,29688	80328,82524	0,840083694	415
49_FEL beam_InSb-up_InSb+Gr-down-along lines_IMO-48_gap-5500 steps_sum-5_0001.ascii.csv	23875830,7	20492951,7	5500	5	48	-264961,2969	98378,62251	0,847060423	-30718,29688	85259,30585	0,891646957	456,5
50_FEL beam_InSb-up_InSb+Gr-down-along lines_IMO-48_gap-6000 steps_sum-5_0001.ascii.csv	25062537,7	21545073,7	6000	5	48	-264961,2969	103323,235	0,889634566	-30718,29688	89643,14751	0,937493438	498
51_FEL beam_InSb-up_InSb+Gr-down-along lines_IMO-48_gap-6500 steps_sum-5_0001.ascii.csv	26068540,7	22255961,7	6500	5	48	-264961,2969	107514,9142	0,925725797	-30718,29688	92605,18085	0,968470561	539,5
52_FEL beam_InSb-up_InSb+Gr-down-along lines_IMO-48_gap-7000 steps_sum-5_0001.ascii.csv	25995180,7	22422921,7	7000	5	48	-264961,2969	107209,2475	0,923093943	-30718,29688	93300,84751	0,975745885	581
53_FEL beam_InSb-up_InSb+Gr-down-along lines_IMO-48_gap-7500 steps_sum-5_0001.ascii.csv	26530732,7	22113772,7	7500	5	48	-264961,2969	109440,7142	0,942307336	-30718,29688	92012,72668	0,962274639	622,5
55_FEL beam_InSb-up_InSb+Gr-down-along lines_IMO-48_gap-8000 steps_sum-5_0001.ascii.csv	26919692,7	21962416,7	8000	5	48	-264961,2969	111061,3808	0,956261613	-30718,29688	91382,07668	0,955679264	664
56_FEL beam_InSb-up_InSb+Gr-down-along lines_IMO-48_gap-9000 steps_sum-5_0001.ascii.csv	28172741,7	22847494,7	9000	5	48	-264961,2969	116282,4183	1,001215833	-30718,29688	95069,90168	0,99424676	747
57_FEL beam_InSb-up_InSb+Gr-down-along lines_IMO-48_gap-10000 steps_sum-5_0001.ascii.csv	28138851,7	22979524,7	10000	5	48	-264961,2969	116141,21	1	-30718,29688	95620,02668	1	830
