Filename	Aperture_In	Aperture_Gr	Steps	Sum	IMO	Noise_In	Signal_In	Norm_In	Noise_gr	Signal_gr	Norm_gr	Gap
78_FEL beam_InSb+Gr-up_InSb-down-transvers lines_gap-0 steps_IMO-10_sum-5_0001.ascii.csv	11824550,13	5227879,859	0	5	9	-29230,375	262118,2167	0,543963684	8666,171875	116367,6896	0,262234545	0
79_FEL beam_InSb+Gr-up_InSb-down-transvers lines_gap-500 steps_IMO-10_sum-5_0001.ascii.csv	11893756,13	5473607,859	500	5	9	-29230,375	263656,1278	0,547155251	8666,171875	121828,3118	0,274540055	41,5
80_FEL beam_InSb+Gr-up_InSb-down-transvers lines_gap-1000 steps_IMO-10_sum-5_0001.ascii.csv	12013132,13	5551137,859	1000	5	10	-29230,375	239678,035	0,497394453	8666,171875	111196,0806	0,250580326	83
81_FEL beam_InSb+Gr-up_InSb-down-transvers lines_gap-1500 steps_IMO-10_sum-5_0001.ascii.csv	12462551,13	5694276,859	1500	5	10	-29230,375	248666,415	0,516047686	8666,171875	114058,8606	0,257031599	124,5
82_FEL beam_InSb+Gr-up_InSb-down-transvers lines_gap-2000 steps_IMO-10_sum-5_0001.ascii.csv	11953962,13	5453881,859	2000	5	10	-29230,375	238494,635	0,494938589	8666,171875	109250,9606	0,246196999	166
83_FEL beam_InSb+Gr-up_InSb-down-transvers lines_gap-2200 steps_IMO-10_sum-5_0001.ascii.csv	12172201,13	5593898,859	2200	5	10	-29230,375	242859,415	0,503996646	8666,171875	112051,3006	0,252507564	182,6
84_FEL beam_InSb+Gr-up_InSb-down-transvers lines_gap-2400 steps_IMO-10_sum-5_0001.ascii.csv	12288350,13	5662602,859	2400	5	10	-29230,375	245182,395	0,508817436	8666,171875	113425,3806	0,255604053	199,2
85_FEL beam_InSb+Gr-up_InSb-down-transvers lines_gap-2600 steps_IMO-10_sum-5_0001.ascii.csv	12255550,13	5566585,859	2600	5	10	-29230,375	244526,395	0,507456065	8666,171875	111505,0406	0,251276567	215,8
86_FEL beam_InSb+Gr-up_InSb-down-transvers lines_gap-2800 steps_IMO-10_sum-5_0001.ascii.csv	12668242,13	5761376,859	2800	5	10	-29230,375	252780,235	0,524584936	8666,171875	115400,8606	0,260055796	232,4
87_FEL beam_InSb+Gr-up_InSb-down-transvers lines_gap-3000 steps_IMO-10_sum-5_0001.ascii.csv	12266445,13	5626156,859	3000	5	10	-29230,375	244744,295	0,507908264	8666,171875	112696,4606	0,253961432	249
88_FEL beam_InSb+Gr-up_InSb-down-transvers lines_gap-3200 steps_IMO-10_sum-5_0001.ascii.csv	12422035,13	5552984,859	3200	5	10	-29230,375	247856,095	0,514366061	8666,171875	111233,0206	0,25066357	265,6
89_FEL beam_InSb+Gr-up_InSb-down-transvers lines_gap-3400 steps_IMO-10_sum-5_0001.ascii.csv	12308154,13	5586569,859	3400	5	10	-29230,375	245578,475	0,509639405	8666,171875	111904,7206	0,252177246	282,2
90_FEL beam_InSb+Gr-up_InSb-down-transvers lines_gap-3600 steps_IMO-10_sum-5_0001.ascii.csv	12003966,13	5440930,859	3600	5	10	-29230,375	239494,715	0,497014016	8666,171875	108991,9406	0,245613297	298,8
91_FEL beam_InSb+Gr-up_InSb-down-transvers lines_gap-3800 steps_IMO-10_sum-5_0001.ascii.csv	12101879,13	5146926,859	3800	5	10	-29230,375	241452,975	0,501077916	8666,171875	103111,8606	0,232362539	315,4
92_FEL beam_InSb+Gr-up_InSb-down-transvers lines_gap-4000 steps_IMO-10_sum-5_0001.ascii.csv	11885003,13	4935725,859	4000	5	10	-29230,375	237115,455	0,492076431	8666,171875	98887,84063	0,222843712	332
93_FEL beam_InSb+Gr-up_InSb-down-transvers lines_gap-4100 steps_IMO-10_sum-5_0001.ascii.csv	12093142,13	4999031,859	4100	5	10	-29230,375	241278,235	0,500715285	8666,171875	100153,9606	0,225696913	340,3
94_FEL beam_InSb+Gr-up_InSb-down-transvers lines_gap-4200 steps_IMO-10_sum-5_0001.ascii.csv	11612721,13	4890073,859	4200	5	10	-29230,375	231669,815	0,480775307	8666,171875	97974,80063	0,220786176	348,6
95_FEL beam_InSb+Gr-up_InSb-down-transvers lines_gap-4300 steps_IMO-10_sum-5_0001.ascii.csv	11609894,13	4862180,859	4300	5	10	-29230,375	231613,275	0,480657972	8666,171875	97416,94063	0,219529039	356,9
96_FEL beam_InSb+Gr-up_InSb-down-transvers lines_gap-4400 steps_IMO-10_sum-5_0001.ascii.csv	11684038,13	4679777,859	4400	5	10	-29230,375	233096,155	0,483735335	8666,171875	93768,88063	0,211308137	365,2
97_FEL beam_InSb+Gr-up_InSb-down-transvers lines_gap-4500 steps_IMO-10_sum-5_0001.ascii.csv	11594605,13	4601321,859	4500	5	10	-29230,375	231307,495	0,480023399	8666,171875	92199,76063	0,207772126	373,5
98_FEL beam_InSb+Gr-up_InSb-down-transvers lines_gap-4600 steps_IMO-10_sum-5_0001.ascii.csv	11625953,13	4568516,859	4600	5	10	-29230,375	231934,455	0,481324504	8666,171875	91543,66063	0,206293605	381,8
99_FEL beam_InSb+Gr-up_InSb-down-transvers lines_gap-4700 steps_IMO-10_sum-5_0001.ascii.csv	11503614,13	4396215,859	4700	5	10	-29230,375	229487,675	0,476246797	8666,171875	88097,64063	0,198528	390,1
100_FEL beam_InSb+Gr-up_InSb-down-transvers lines_gap-4800 steps_IMO-10_sum-5_0001.ascii.csv	11172964,13	4182242,859	4800	5	10	-29230,375	222874,675	0,462523097	8666,171875	83818,18063	0,188884238	398,4
101_FEL beam_InSb+Gr-up_InSb-down-transvers lines_gap-4900 steps_IMO-10_sum-5_0001.ascii.csv	11071209,13	4091058,859	4900	5	10	-29230,375	220839,575	0,458299734	8666,171875	81994,50063	0,184774576	406,7
102_FEL beam_InSb+Gr-up_InSb-down-transvers lines_gap-5000 steps_IMO-10_sum-5_0001.ascii.csv	10707023,13	3937823,859	5000	5	10	-29230,375	213555,855	0,443184114	8666,171875	78929,80063	0,177868276	415
103_FEL beam_InSb+Gr-up_InSb-down-transvers lines_gap-5100 steps_IMO-10_sum-5_0001.ascii.csv	10359087,13	3701815,859	5100	5	10	-29230,375	206597,135	0,428742955	8666,171875	74209,64063	0,167231397	423,3
104_FEL beam_InSb+Gr-up_InSb-down-transvers lines_gap-5200 steps_IMO-10_sum-5_0001.ascii.csv	9876973,125	3359852,859	5200	5	10	-29230,375	196954,855	0,408732708	8666,171875	67370,38063	0,151819127	431,6
105_FEL beam_InSb+Gr-up_InSb-down-transvers lines_gap-5300 steps_IMO-10_sum-5_0001.ascii.csv	8981824,125	2958310,859	5300	5	10	-29230,375	179051,875	0,371579354	8666,171875	59339,54063	0,133721632	439,9
106_FEL beam_InSb+Gr-up_InSb-down-transvers lines_gap-5400 steps_IMO-10_sum-5_0001.ascii.csv	8519996,125	2688308,859	5400	5	10	-29230,375	169815,315	0,352411082	8666,171875	53939,50063	0,121552644	448,2
107_FEL beam_InSb+Gr-up_InSb-down-transvers lines_gap-5500 steps_IMO-10_sum-5_0001.ascii.csv	7859862,125	2336588,859	5500	5	10	-29230,375	156612,635	0,325012077	8666,171875	46905,10063	0,105700627	456,5
108_FEL beam_InSb+Gr-up_InSb-down-transvers lines_gap-5600 steps_IMO-10_sum-5_0001.ascii.csv	7158717,125	2228360,859	5600	5	10	-29230,375	142589,735	0,295910901	8666,171875	44740,54063	0,100822791	464,8
109_FEL beam_InSb+Gr-up_InSb-down-transvers lines_gap-5700 steps_IMO-10_sum-5_0001.ascii.csv	6429660,125	2284156,859	5700	5	10	-29230,375	128008,595	0,265651231	8666,171875	45856,46063	0,103337517	473,1
110_FEL beam_InSb+Gr-up_InSb-down-transvers lines_gap-5800 steps_IMO-10_sum-5_0001.ascii.csv	5646629,125	2391946,859	5800	5	10	-29230,375	112347,975	0,233151359	8666,171875	48012,26063	0,108195611	481,4
111_FEL beam_InSb+Gr-up_InSb-down-transvers lines_gap-5900 steps_IMO-10_sum-5_0001.ascii.csv	5243429,125	2545663,859	5900	5	10	-29230,375	104283,975	0,216416455	8666,171875	51086,60063	0,115123635	489,7
112_FEL beam_InSb+Gr-up_InSb-down-transvers lines_gap-6000 steps_IMO-10_sum-5_0001.ascii.csv	4504183,125	2906030,859	6000	5	10	-29230,375	89499,055	0,185733889	8666,171875	58293,94063	0,131365373	498
113_FEL beam_InSb+Gr-up_InSb-down-transvers lines_gap-6100 steps_IMO-10_sum-5_0001.ascii.csv	3949495,125	3453038,859	6100	5	10	-29230,375	78405,295	0,162711442	8666,171875	69234,10063	0,15601902	506,3
114_FEL beam_InSb+Gr-up_InSb-down-transvers lines_gap-6200 steps_IMO-10_sum-5_0001.ascii.csv	3526697,125	3949081,859	6200	5	10	-29230,375	69949,335	0,145163119	8666,171875	79154,96063	0,178375674	514,6
115_FEL beam_InSb+Gr-up_InSb-down-transvers lines_gap-6300 steps_IMO-10_sum-5_0001.ascii.csv	2949739,125	4564660,859	6300	5	10	-29230,375	58410,175	0,121216352	8666,171875	91466,54063	0,206119815	522,9
116_FEL beam_InSb+Gr-up_InSb-down-transvers lines_gap-6400 steps_IMO-10_sum-5_0001.ascii.csv	2980068,125	5324178,859	6400	5	10	-29230,375	59016,755	0,122475164	8666,171875	106656,9006	0,240351285	531,2
117_FEL beam_InSb+Gr-up_InSb-down-transvers lines_gap-6500 steps_IMO-10_sum-5_0001.ascii.csv	2770845,125	6272059,859	6500	5	10	-29230,375	54832,295	0,113791317	8666,171875	125614,5206	0,283072275	539,5
118_FEL beam_InSb+Gr-up_InSb-down-transvers lines_gap-6600 steps_IMO-10_sum-5_0001.ascii.csv	2976984,125	7069805,859	6600	5	10	-29230,375	58955,075	0,122347162	8666,171875	141569,4406	0,319026681	547,8
119_FEL beam_InSb+Gr-up_InSb-down-transvers lines_gap-6700 steps_IMO-10_sum-5_0001.ascii.csv	3517297,125	8097214,859	6700	5	10	-29230,375	69761,335	0,14477297	8666,171875	162117,6206	0,365331997	556,1
120_FEL beam_InSb+Gr-up_InSb-down-transvers lines_gap-6800 steps_IMO-10_sum-5_0001.ascii.csv	3886818,125	8965732,859	6800	5	10	-29230,375	77151,755	0,16011002	8666,171875	179487,9806	0,404476097	564,4
121_FEL beam_InSb+Gr-up_InSb-down-transvers lines_gap-6900 steps_IMO-10_sum-5_0001.ascii.csv	4693281,125	9743156,859	6900	5	10	-29230,375	93281,015	0,193582442	8666,171875	195036,4606	0,439514591	572,7
122_FEL beam_InSb+Gr-up_InSb-down-transvers lines_gap-7000 steps_IMO-10_sum-5_0001.ascii.csv	5349273,125	10199124,86	7000	5	10	-29230,375	106400,855	0,220809533	8666,171875	204155,8206	0,460065065	581
123_FEL beam_InSb+Gr-up_InSb-down-transvers lines_gap-7200 steps_IMO-10_sum-5_0001.ascii.csv	7921880,125	12248939,86	7200	5	10	-29230,375	157852,995	0,327586147	8666,171875	245152,1206	0,552450211	597,6
124_FEL beam_InSb+Gr-up_InSb-down-transvers lines_gap-7400 steps_IMO-10_sum-5_0001.ascii.csv	9891561,125	13757218,86	7400	5	10	-29230,375	197246,615	0,409338186	8666,171875	275317,7006	0,620428335	614,2
125_FEL beam_InSb+Gr-up_InSb-down-transvers lines_gap-7600 steps_IMO-10_sum-5_0001.ascii.csv	12574129,13	15605521,86	7600	5	10	-29230,375	250897,975	0,520678756	8666,171875	312283,7606	0,703731337	630,8
126_FEL beam_InSb+Gr-up_InSb-down-transvers lines_gap-7800 steps_IMO-10_sum-5_0001.ascii.csv	14512046,13	16758143,86	7800	5	10	-29230,375	289656,315	0,601112423	8666,171875	335336,2006	0,755680002	647,4
127_FEL beam_InSb+Gr-up_InSb-down-transvers lines_gap-8000 steps_IMO-10_sum-5_0001.ascii.csv	16713591,13	17683216,86	8000	5	10	-29230,375	333687,215	0,692488028	8666,171875	353837,6606	0,797373035	664
128_FEL beam_InSb+Gr-up_InSb-down-transvers lines_gap-8500 steps_IMO-10_sum-5_0001.ascii.csv	19931673,13	19837772,86	8500	5	10	-29230,375	398048,855	0,826055222	8666,171875	396928,7806	0,894478858	705,5
129_FEL beam_InSb+Gr-up_InSb-down-transvers lines_gap-9000 steps_IMO-10_sum-5_0001.ascii.csv	21788338,13	20997571,86	9000	5	10	-29230,375	435182,155	0,903116507	8666,171875	420124,7606	0,94675099	747
130_FEL beam_InSb+Gr-up_InSb-down-transvers lines_gap-9500 steps_IMO-10_sum-5_0001.ascii.csv	4634161,625	4361520,172	9500	1	10	-29230,375	460493,125	0,955643374	8666,171875	437018,6344	0,984821328	788,5
131_FEL beam_InSb+Gr-up_InSb-down-transvers lines_gap-1000 steps_IMO-10_sum-5_0001.ascii.csv	4702178,625	4255140,172	10000	1	10	-29230,375	467294,825	0,969758676	8666,171875	426380,6344	0,960848599	830
132_FEL beam_InSb+Gr-up_InSb-down-transvers lines_gap-11000 steps_IMO-10_sum-5_0001.ascii.csv	4847901,625	4428876,172	11000	1	10	-29230,375	481867,125	1	8666,171875	443754,2344	1	913
