Filename	Aperture_In	Aperture_Gr	Steps	Sum	IMO	Noise_In	Signal_In	Norm_In	Noise_gr	Signal_gr	Norm_gr	Gap
02_FEL beam_InSb+Gr-up_InSb-down-along lines_gap-0 steps_IMO-9_0001.ascii.csv	10391074	4279899	0	5	9	-109855	228471,5333	0,835730001	-150682	91760,37778	0,330906758	0
03_FEL beam_InSb+Gr-up_InSb-down-along lines_gap-200 steps_IMO-9_0001.ascii.csv	10344617	4231406	200	5	9	-109855	227439,1556	0,831953648	-150682	90682,75556	0,327020631	16,6
04_FEL beam_InSb+Gr-up_InSb-down-along lines_gap-400 steps_IMO-10_0001.ascii.csv	10844323	4423687	400	5	10	-109855	214689,36	0,785315949	-150682	85460,1	0,308186663	33,2
05_FEL beam_InSb+Gr-up_InSb-down-along lines_gap-600 steps_IMO-10_0001.ascii.csv	11165735	4545174	600	5	10	-109855	221117,6	0,80882992	-150682	87889,84	0,316948804	49,8
06_FEL beam_InSb+Gr-up_InSb-down-along lines_gap-800 steps_IMO-10_0001.ascii.csv	10318273	4341540	800	5	10	-109855	204168,36	0,746831	-150682	83817,16	0,302261884	66,4
07_FEL beam_InSb+Gr-up_InSb-down-along lines_gap-1000 steps_IMO-10_0001.ascii.csv	10202987	4156921	1000	5	10	-109855	201862,64	0,738396866	-150682	80124,78	0,288946404	83
08_FEL beam_InSb+Gr-up_InSb-down-along lines_gap-1200 steps_IMO-10_0001.ascii.csv	10377727	4181713	1200	5	10	-109855	205357,44	0,751180556	-150682	80620,62	0,290734505	99,6
09_FEL beam_InSb+Gr-up_InSb-down-along lines_gap-1400 steps_IMO-10_0001.ascii.csv	9929725	3869793	1400	5	10	-109855	196397,4	0,71840547	-150682	74382,22	0,268237554	116,2
10_FEL beam_InSb+Gr-up_InSb-down-along lines_gap-1600 steps_IMO-10_0001.ascii.csv	9571053	3521699	1600	5	10	-109855	189223,96	0,692165619	-150682	67420,34	0,243131585	132,8
11_FEL beam_InSb+Gr-up_InSb-down-along lines_gap-1800 steps_IMO-10_0001.ascii.csv	9513918	3350944	1800	5	10	-109855	188081,26	0,687985717	-150682	64005,24	0,230816034	149,4
12_FEL beam_InSb+Gr-up_InSb-down-along lines_gap-2000 steps_IMO-10_0001.ascii.csv	9196003	3047261	2000	5	10	-109855	181722,96	0,66472758	-150682	57931,58	0,208913169	166
13_FEL beam_InSb+Gr-up_InSb-down-along lines_gap-2200 steps_IMO-10_0001.ascii.csv	8627536	2710438	2200	5	10	-109855	170353,62	0,623139473	-150682	51195,12	0,184620112	182,6
14_FEL beam_InSb+Gr-up_InSb-down-along lines_gap-2400 steps_IMO-10_0001.ascii.csv	8140560	2321684	2400	5	10	-109855	160614,1	0,587513114	-150682	43420,04	0,156581577	199,2
15_FEL beam_InSb+Gr-up_InSb-down-along lines_gap-2500 steps_IMO-10_0001.ascii.csv	7993236	2232222	2500	5	10	-109855	157667,62	0,576735133	-150682	41630,8	0,15012921	207,5
16_FEL beam_InSb+Gr-up_InSb-down-along lines_gap-2600 steps_IMO-10_0001.ascii.csv	7610662	2036229	2600	5	10	-109855	150016,14	0,548746651	-150682	37710,94	0,135993391	215,8
17_FEL beam_InSb+Gr-up_InSb-down-along lines_gap-2700 steps_IMO-10_0001.ascii.csv	7352797	1982142	2700	5	10	-109855	144858,84	0,529881674	-150682	36629,2	0,132092414	224,1
18_FEL beam_InSb+Gr-up_InSb-down-along lines_gap-2800 steps_IMO-10_0001.ascii.csv	7200531	1813574	2800	5	10	-109855	141813,52	0,518742145	-150682	33257,84	0,119934598	232,4
19_FEL beam_InSb+Gr-up_InSb-down-along lines_gap-2900 steps_IMO-10_0001.ascii.csv	6914435	1657816	2900	5	10	-109855	136091,6	0,497811834	-150682	30142,68	0,108700691	240,7
20_FEL beam_InSb+Gr-up_InSb-down-along lines_gap-3000 steps_IMO-10_0001.ascii.csv	6653091	1570097	3000	5	10	-109855	130864,72	0,478692338	-150682	28388,3	0,102374037	249
21_FEL beam_InSb+Gr-up_InSb-down-along lines_gap-3100 steps_IMO-10_0001.ascii.csv	6211685	1383429	3100	5	10	-109855	122036,6	0,446399805	-150682	24654,94	0,088910775	257,3
22_FEL beam_InSb+Gr-up_InSb-down-along lines_gap-3200 steps_IMO-10_0001.ascii.csv	5826677	1331174	3200	5	10	-109855	114336,44	0,418233255	-150682	23609,84	0,085141929	265,6
23_FEL beam_InSb+Gr-up_InSb-down-along lines_gap-3300 steps_IMO-10_0001.ascii.csv	5575477	1262271	3300	5	10	-109855	109312,44	0,399855878	-150682	22231,78	0,080172362	273,9
24_FEL beam_InSb+Gr-up_InSb-down-along lines_gap-3400 steps_IMO-10_0001.ascii.csv	5289380	1150542	3400	5	10	-109855	103590,5	0,378925494	-150682	19997,2	0,072114008	282,2
25_FEL beam_InSb+Gr-up_InSb-down-along lines_gap-3500 steps_IMO-10_0001.ascii.csv	4861788	1037394	3500	5	10	-109855	95038,66	0,34764357	-150682	17734,24	0,06395331	290,5
26_FEL beam_InSb+Gr-up_InSb-down-along lines_gap-3600 steps_IMO-10_0001.ascii.csv	4632070	962291	3600	5	10	-109855	90444,3	0,33083778	-150682	16232,18	0,058536573	298,8
27_FEL beam_InSb+Gr-up_InSb-down-along lines_gap-3700 steps_IMO-10_0001.ascii.csv	4168521	969981	3700	5	10	-109855	81173,32	0,296925301	-150682	16385,98	0,059091207	307,1
28_FEL beam_InSb+Gr-up_InSb-down-along lines_gap-3800 steps_IMO-10_0001.ascii.csv	3973942	926612	3800	5	10	-109855	77281,74	0,282690223	-150682	15518,6	0,055963257	315,4
29_FEL beam_InSb+Gr-up_InSb-down-along lines_gap-3900 steps_IMO-10_0001.ascii.csv	3565378	885510	3900	5	10	-109855	69110,46	0,252800355	-150682	14696,56	0,052998812	323,7
30_FEL beam_InSb+Gr-up_InSb-down-along lines_gap-4000 steps_IMO-10_0001.ascii.csv	3169106	854489	4000	5	10	-109855	61185,02	0,22380975	-150682	14076,14	0,05076145	332
31_FEL beam_InSb+Gr-up_InSb-down-along lines_gap-4100 steps_IMO-10_0001.ascii.csv	2879696	884085	4100	5	10	-109855	55396,82	0,202636993	-150682	14668,06	0,052896035	340,3
32_FEL beam_InSb+Gr-up_InSb-down-along lines_gap-4200 steps_IMO-10_0001.ascii.csv	2756883	927715	4200	5	10	-109855	52940,56	0,193652196	-150682	15540,66	0,05604281	348,6
33_FEL beam_InSb+Gr-up_InSb-down-along lines_gap-4300 steps_IMO-10_0001.ascii.csv	2307938	866236	4300	5	10	-109855	43961,66	0,160808122	-150682	14311,08	0,051608692	356,9
34_FEL beam_InSb+Gr-up_InSb-down-along lines_gap-4400 steps_IMO-10_0001.ascii.csv	2142218	1027201	4400	5	10	-109855	40647,26	0,14868432	-150682	17530,38	0,063218149	365,2
35_FEL beam_InSb+Gr-up_InSb-down-along lines_gap-4500 steps_IMO-10_0001.ascii.csv	1867191	980870	4500	5	10	-109855	35146,72	0,128563799	-150682	16603,76	0,059876567	373,5
36_FEL beam_InSb+Gr-up_InSb-down-along lines_gap-4600 steps_IMO-10_0001.ascii.csv	1584199	1076313	4600	5	10	-109855	29486,88	0,107860572	-150682	18512,62	0,066760308	381,8
37_FEL beam_InSb+Gr-up_InSb-down-along lines_gap-4700 steps_IMO-10_0001.ascii.csv	1434514	1188907	4700	5	10	-109855	26493,18	0,096909865	-150682	20764,5	0,074881049	390,1
38_FEL beam_InSb+Gr-up_InSb-down-along lines_gap-4800 steps_IMO-10_0001.ascii.csv	1087204	1138944	4800	5	10	-109855	19546,98	0,071501239	-150682	19765,24	0,071277513	398,4
39_FEL beam_InSb+Gr-up_InSb-down-along lines_gap-4900 steps_IMO-10_0001.ascii.csv	866788	1322973	4900	5	10	-109855	15138,66	0,055375968	-150682	23445,82	0,08455044	406,7
40_FEL beam_InSb+Gr-up_InSb-down-along lines_gap-5000 steps_IMO-10_0001.ascii.csv	701701	1484155	5000	5	10	-109855	11836,92	0,043298476	-150682	26669,46	0,096175547	415
41_FEL beam_InSb+Gr-up_InSb-down-along lines_gap-5100 steps_IMO-10_0001.ascii.csv	569626	1629703	5100	5	10	-109855	9195,42	0,033636087	-150682	29580,42	0,106673066	423,3
42_FEL beam_InSb+Gr-up_InSb-down-along lines_gap-5200 steps_IMO-10_0001.ascii.csv	520078	1641316	5200	5	10	-109855	8204,46	0,030011237	-150682	29812,68	0,107510644	431,6
43_FEL beam_InSb+Gr-up_InSb-down-along lines_gap-5300 steps_IMO-10_0001.ascii.csv	373192	1890147	5300	5	10	-109855	5266,74	0,0192653	-150682	34789,3	0,125457357	439,9
44_FEL beam_InSb+Gr-up_InSb-down-along lines_gap-5400 steps_IMO-10_0001.ascii.csv	285123	1984883	5400	5	10	-109855	3505,36	0,012822317	-150682	36684,02	0,132290106	448,2
45_FEL beam_InSb+Gr-up_InSb-down-along lines_gap-5500 steps_IMO-10_0001.ascii.csv	388516	2130323	5500	5	10	-109855	5573,22	0,020386379	-150682	39592,82	0,142779836	456,5
46_FEL beam_InSb+Gr-up_InSb-down-along lines_gap-5600 steps_IMO-10_0001.ascii.csv	298246	2243805	5600	5	10	-109855	3767,82	0,013782374	-150682	41862,46	0,150964624	464,8
47_FEL beam_InSb+Gr-up_InSb-down-along lines_gap-5700 steps_IMO-10_0001.ascii.csv	376656	2478966	5700	5	10	-109855	5336,02	0,01951872	-150682	46565,68	0,167925401	473,1
48_FEL beam_InSb+Gr-up_InSb-down-along lines_gap-5800 steps_IMO-10_0001.ascii.csv	410733	2777209	5800	5	10	-109855	6017,56	0,022011738	-150682	52530,54	0,18943591	481,4
49_FEL beam_InSb+Gr-up_InSb-down-along lines_gap-5900 steps_IMO-10_0001.ascii.csv	699872	3268704	5900	5	10	-109855	11800,34	0,043164669	-150682	62360,44	0,224884547	489,7
50_FEL beam_InSb+Gr-up_InSb-down-along lines_gap-6000 steps_IMO-10_0001.ascii.csv	1134451	3886186	6000	5	10	-109855	20491,92	0,074957751	-150682	74710,08	0,269419884	498
51_FEL beam_InSb+Gr-up_InSb-down-along lines_gap-6100 steps_IMO-10_0001.ascii.csv	1655457	4631536	6100	5	10	-109855	30912,04	0,113073689	-150682	89617,08	0,323177586	506,3
52_FEL beam_InSb+Gr-up_InSb-down-along lines_gap-6200 steps_IMO-10_0001.ascii.csv	2307838	5247541	6200	5	10	-109855	43959,66	0,160800806	-150682	101937,18	0,367606396	514,6
53_FEL beam_InSb+Gr-up_InSb-down-along lines_gap-6300 steps_IMO-10_0001.ascii.csv	3069287	6037603	6300	5	10	-109855	59188,64	0,216507157	-150682	117738,42	0,424588911	522,9
54_FEL beam_InSb+Gr-up_InSb-down-along lines_gap-6400 steps_IMO-10_0001.ascii.csv	3512425	6318800	6400	5	10	-109855	68051,4	0,248926401	-150682	123362,36	0,444869993	531,2
55_FEL beam_InSb+Gr-up_InSb-down-along lines_gap-6500 steps_IMO-10_0001.ascii.csv	4556448	7216883	6500	5	10	-109855	88931,86	0,3253054	-150682	141324,02	0,509643426	539,5
56_FEL beam_InSb+Gr-up_InSb-down-along lines_gap-6600 steps_IMO-10_0001.ascii.csv	5380366	7873290	6600	5	10	-109855	105410,22	0,38558188	-150682	154452,16	0,556986193	547,8
57_FEL beam_InSb+Gr-up_InSb-down-along lines_gap-6700 steps_IMO-10_0001.ascii.csv	6110228	8537657	6700	5	10	-109855	120007,46	0,438977378	-150682	167739,5	0,604903069	556,1
58_FEL beam_InSb+Gr-up_InSb-down-along lines_gap-6800 steps_IMO-10_0001.ascii.csv	6790406	8908215	6800	5	10	-109855	133611,02	0,488738077	-150682	175150,66	0,631629233	564,4
59_FEL beam_InSb+Gr-up_InSb-down-along lines_gap-6900 steps_IMO-10_0001.ascii.csv	7385945	9338687	6900	5	10	-109855	145521,8	0,532306727	-150682	183760,1	0,662676641	572,7
60_FEL beam_InSb+Gr-up_InSb-down-along lines_gap-7000 steps_IMO-10_0001.ascii.csv	8367393	10287535	7000	5	10	-109855	165150,76	0,604107841	-150682	202737,06	0,731111454	581
61_FEL beam_InSb+Gr-up_InSb-down-along lines_gap-7100 steps_IMO-10_0001.ascii.csv	8909384	10601717	7100	5	10	-109855	175990,58	0,643759008	-150682	209020,7	0,75377155	589,3
62_FEL beam_InSb+Gr-up_InSb-down-along lines_gap-7200 steps_IMO-10_0001.ascii.csv	9416951	10913820	7200	5	10	-109855	186141,92	0,680891771	-150682	215262,76	0,776281699	597,6
63_FEL beam_InSb+Gr-up_InSb-down-along lines_gap-7400 steps_IMO-10_0001.ascii.csv	10469785	11667265	7400	5	10	-109855	207198,6	0,757915367	-150682	230331,66	0,830623246	614,2
64_FEL beam_InSb+Gr-up_InSb-down-along lines_gap-7600 steps_IMO-10_0001.ascii.csv	11011294	12218118	7600	5	10	-109855	218028,78	0,797531272	-150682	241348,72	0,870353026	630,8
65_FEL beam_InSb+Gr-up_InSb-down-along lines_gap-7800 steps_IMO-10_0001.ascii.csv	11809684	12822350	7800	5	10	-109855	233996,58	0,855940165	-150682	253433,36	0,913932718	647,4
66_FEL beam_InSb+Gr-up_InSb-down-along lines_gap-8000 steps_IMO-10_0001.ascii.csv	12245978	13196880	8000	5	10	-109855	242722,46	0,887858714	-150682	260923,96	0,940945359	664
67_FEL beam_InSb+Gr-up_InSb-down-along lines_gap-8200 steps_IMO-10_0001.ascii.csv	12784775	13584499	8200	5	10	-109855	253498,4	0,927276212	-150682	268676,34	0,968902033	680,6
68_FEL beam_InSb+Gr-up_InSb-down-along lines_gap-8400 steps_IMO-10_0001.ascii.csv	12923791	13559481	8400	5	10	-109855	256278,72	0,937446393	-150682	268175,98	0,967097632	697,2
69_FEL beam_InSb+Gr-up_InSb-down-along lines_gap-8600 steps_IMO-10_0001.ascii.csv	13162976	13739124	8600	5	10	-109855	261062,42	0,954944773	-150682	271768,84	0,980054223	713,8
70_FEL beam_InSb+Gr-up_InSb-down-along lines_gap-8800 steps_IMO-10_0001.ascii.csv	13587891	14197668	8800	5	10	-109855	269560,72	0,986030852	-150682	280939,72	1,013126299	730,4
71_FEL beam_InSb+Gr-up_InSb-down-along lines_gap-9000 steps_IMO-10_0001.ascii.csv	13621645	14112692	9000	5	10	-109855	270235,8	0,988500239	-150682	279240,2	1,006997481	747
72_FEL beam_InSb+Gr-up_InSb-down-along lines_gap-9500 steps_IMO-10_sum-5_0001.ascii.csv	14107171	14643298	9500	5	10	-109855	279946,32	1,024020519	-150682	289852,32	1,045266964	788,5
73_FEL beam_InSb+Gr-up_InSb-down-along lines_gap-9500 steps_IMO-10_sum-1_0001.ascii.csv	2792313	2873671	9500	1	10	-109855	268245,8	0,981220984	-150682	272298,9	0,981965728	788,5
74_FEL beam_InSb+Gr-up_InSb-down-along lines_gap-1000 steps_IMO-10_sum-1_0001.ascii.csv	2772868	2871433	10000	1	10	-109855	266301,3	0,974108163	-150682	272075,1	0,981158659	830
75_FEL beam_InSb+Gr-up_InSb-down-along lines_gap-11000 steps_IMO-10_sum-1_0001.ascii.csv	2843651	2923680	11000	1	10	-109855	273379,6	1	-150682	277299,8	1	913
